maximum recursion value is too low
User-Agent: Mozilla/5.0 (Windows; U; Windows NT 5.0; fi; rv:1.8.0.3) Gecko/20060426 Firefox/1.5.0.3
Build Identifier: Mozilla/5.0 (Windows; U; Windows NT 5.0; fi; rv:1.8.0.3) Gecko/20060426 Firefox/1.5.0.3

I use javascript to handle data like below and a script use recursio to
select right line and values.Then I remove handled line and start handling again(that's recursio). Firefox announce that there is too many recursion
do you want to continue or cancel. This recursio should be adjustable somewhere
inside browser setting much higher.
11621.1 1444.8 50606.9 830403 000000 2
11626.0 1447.8 50611.8 830403 000100 2
11618.2 1454.1 50614.8 830403 000200 2
11604.2 1461.1 50607.9 830403 000300 2
11593.7 1467.9 50598.1 830403 000400 2
11576.9 1475.7 50595.2 830403 000500 2
11578.7 1482.0 50592.2 830403 000600 2
11583.2 1494.9 50586.3 830403 000700 2
11585.2 1499.4 50593.2 830403 000800 2
11592.4 1505.4 50593.2 830403 000900 2
11564.4 1504.2 50590.3 830403 001000 2
11557.2 1506.0 50593.2 830403 001100 2
11555.5 1512.1 50599.1 830403 001200 2
11572.5 1529.7 50600.1 830403 001300 2
11592.8 1501.9 50605.9 830403 001400 2
11594.3 1510.5 50613.8 830403 001500 2
11622.4 1503.9 50615.7 830403 001600 2
11622.3 1504.2 50600.1 830403 001700 2
11614.9 1494.1 50583.4 830403 001800 2
11622.1 1492.6 50584.4 830403 001900 2
11615.0 1486.6 50572.6 830403 002000 2
11621.2 1478.6 50570.7 830403 002100 2
11623.7 1473.2 50567.7 830403 002200 2
11625.0 1462.8 50571.6 830403 002300 2
11625.5 1459.2 50571.6 830403 002400 2
11631.9 1457.0 50569.7 830403 002500 2
11631.7 1451.5 50574.6 830403 002600 2
11634.2 1445.5 50572.6 830403 002700 2
11632.5 1437.4 50574.6 830403 002800 2
11637.5 1439.6 50573.6 830403 002900 2
11635.1 1437.7 50584.4 830403 003000 2
11639.1 1433.7 50588.3 830403 003100 2
11644.8 1430.8 50591.2 830403 003200 2
11644.7 1416.5 50593.2 830403 003300 2
11645.1 1413.3 50599.1 830403 003400 2
11663.4 1393.1 50595.2 830403 003500 2
11666.5 1403.7 50597.1 830403 003600 2
11684.1 1395.5 50601.0 830403 003700 2
11682.5 1401.7 50612.8 830403 003800 2
11690.4 1408.7 50624.6 830403 003900 2
11687.9 1400.5 50635.3 830403 004000 2
11683.3 1401.8 50636.3 830403 004100 2
11680.5 1396.3 50633.4 830403 004200 2
11698.1 1395.4 50634.4 830403 004300 2
11693.9 1387.0 50635.3 830403 004400 2
11694.5 1388.9 50634.4 830403 004500 2
11692.7 1389.6 50634.4 830403 004600 2
11682.3 1388.0 50633.4 830403 004700 2
11682.1 1389.8 50631.4 830403 004800 2
11686.1 1393.6 50629.5 830403 004900 2
11693.4 1390.6 50628.5 830403 005000 2
11697.8 1397.8 50629.5 830403 005100 2
11680.2 1398.7 50626.5 830403 005200 2
11684.1 1395.5 50625.5 830403 005300 2
11698.6 1391.5 50626.5 830403 005400 2
11707.9 1394.4 50632.4 830403 005500 2
11707.9 1393.8 50635.3 830403 005600 2
11707.9 1394.1 50642.2 830403 005700 2
11703.3 1403.6 50646.1 830403 005800 2
11694.1 1399.8 50647.1 830403 005900 2
11690.0 1404.7 50640.2 830403 010000 2
11686.6 1403.7 50637.3 830403 010100 2
11688.9 1399.4 50635.3 830403 010200 2
11698.2 1402.1 50634.4 830403 010300 2
11705.1 1403.2 50634.4 830403 010400 2
11711.8 1405.2 50636.3 830403 010500 2
11720.9 1410.3 50636.3 830403 010600 2
11724.3 1411.3 50637.3 830403 010700 2
11727.4 1414.1 50635.3 830403 010800 2
11725.6 1414.8 50633.4 830403 010900 2
11722.9 1415.4 50631.4 830403 011000 2
11728.0 1416.3 50630.4 830403 011100 2
11727.9 1417.8 50628.5 830403 011200 2
11729.5 1418.6 50625.5 830403 011300 2
11731.0 1420.9 50625.5 830403 011400 2
11731.5 1431.4 50625.5 830403 011500 2
11733.1 1432.2 50626.5 830403 011600 2
11730.2 1434.3 50625.5 830403 011700 2
11726.6 1435.0 50624.6 830403 011800 2
11723.9 1435.9 50623.6 830403 011900 2
11728.9 1438.3 50624.6 830403 012000 2
11732.2 1439.7 50627.5 830403 012100 2
11740.3 1437.6 50633.4 830403 012200 2
11751.5 1439.6 50637.3 830403 012300 2
11759.9 1442.5 50642.2 830403 012400 2
11754.6 1443.0 50642.2 830403 012500 2
11757.4 1441.2 50637.3 830403 012600 2
11752.2 1440.6 50635.3 830403 012700 2
11744.9 1443.1 50635.3 830403 012800 2
11736.8 1445.4 50632.4 830403 012900 2
11733.9 1447.2 50630.4 830403 013000 2
11733.0 1447.7 50628.5 830403 013100 2
11730.8 1451.1 50626.5 830403 013200 2
11728.9 1452.4 50625.5 830403 013300 2
11725.4 1451.9 50624.6 830403 013400 2
11720.6 1455.3 50622.6 830403 013500 2
11719.6 1456.4 50619.7 830403 013600 2
11720.4 1457.1 50616.7 830403 013700 2
11714.0 1459.1 50614.8 830403 013800 2
11710.9 1462.6 50612.8 830403 013900 2
11710.5 1466.2 50612.8 830403 014000 2
11711.9 1469.1 50612.8 830403 014100 2
11714.3 1470.7 50613.8 830403 014200 2
11712.1 1474.4 50611.8 830403 014300 2
11708.5 1474.8 50605.0 830403 014400 2
11708.4 1476.0 50603.0 830403 014500 2
11709.0 1478.2 50606.9 830403 014600 2
11710.1 1476.2 50605.0 830403 014700 2
11712.6 1477.2 50611.8 830403 014800 2
11718.6 1478.2 50614.8 830403 014900 2
11718.7 1477.3 50611.8 830403 015000 2
11726.6 1477.7 50612.8 830403 015100 2
11727.6 1476.9 50611.8 830403 015200 2
11730.5 1474.5 50614.8 830403 015300 2
11737.4 1475.7 50617.7 830403 015400 2
11740.1 1474.5 50620.6 830403 015500 2
11736.8 1472.9 50621.6 830403 015600 2
11735.3 1471.2 50621.6 830403 015700 2
11742.3 1471.4 50622.6 830403 015800 2
11741.7 1469.2 50622.6 830403 015900 2
11744.8 1465.6 50620.6 830403 020000 2
11745.0 1463.8 50617.7 830403 020100 2
11741.5 1464.0 50617.7 830403 020200 2
11742.1 1465.6 50618.7 830403 020300 2
11737.6 1466.6 50616.7 830403 020400 2
11738.3 1468.5 50614.8 830403 020500 2
11740.1 1467.8 50615.7 830403 020600 2
11742.1 1465.9 50616.7 830403 020700 2
11747.2 1466.9 50615.7 830403 020800 2
11750.4 1469.7 50615.7 830403 020900 2
11749.5 1469.6 50614.8 830403 021000 2
11755.0 1468.1 50615.7 830403 021100 2
11758.7 1466.5 50616.7 830403 021200 2
11762.0 1467.8 50616.7 830403 021300 2
11760.9 1469.5 50615.7 830403 021400 2
11759.2 1469.6 50614.8 830403 021500 2
11756.6 1469.6 50613.8 830403 021600 2
11755.4 1471.6 50613.8 830403 021700 2
11756.1 1473.2 50614.8 830403 021800 2
11757.2 1471.5 50616.7 830403 021900 2
11757.1 1472.1 50617.7 830403 022000 2
11760.2 1468.5 50619.7 830403 022100 2
11762.9 1467.9 50620.6 830403 022200 2
11763.6 1469.2 50621.6 830403 022300 2
11764.3 1470.5 50623.6 830403 022400 2
11765.1 1471.5 50624.6 830403 022500 2
11763.3 1471.9 50624.6 830403 022600 2
11760.7 1471.6 50620.6 830403 022700 2
11758.3 1469.5 50621.6 830403 022800 2
11758.4 1468.6 50624.6 830403 022900 2
11758.5 1467.7 50624.6 830403 023000 2
11758.8 1465.3 50625.5 830403 023100 2
11761.0 1462.2 50626.5 830403 023200 2
11762.1 1460.5 50628.5 830403 023300 2
11766.4 1460.7 50632.4 830403 023400 2
11769.2 1459.2 50636.3 830403 023500 2
11770.4 1456.9 50638.3 830403 023600 2
11772.4 1455.0 50639.3 830403 023700 2
11773.2 1455.1 50641.2 830403 023800 2
11774.9 1455.9 50642.2 830403 023900 2
11775.7 1456.6 50644.2 830403 024000 2
11775.7 1456.9 50647.1 830403 024100 2
11775.6 1457.5 50652.0 830403 024200 2
11777.3 1458.1 50652.0 830403 024300 2
11778.9 1458.9 50651.0 830403 024400 2
11778.8 1459.5 50651.0 830403 024500 2
11776.9 1461.1 50650.0 830403 024600 2
11776.0 1461.6 50650.0 830403 024700 2
11776.1 1460.1 50650.0 830403 024800 2
11776.0 1461.0 50649.1 830403 024900 2
11778.1 1458.5 50648.1 830403 025000 2
11779.1 1457.1 50648.1 830403 025100 2
11780.0 1457.5 50648.1 830403 025200 2
11780.6 1459.1 50648.1 830403 025300 2
11779.7 1459.6 50649.1 830403 025400 2
11780.6 1459.7 50650.0 830403 025500 2
11785.1 1458.4 50653.0 830403 025600 2
11789.5 1458.3 50655.9 830403 025700 2
11793.0 1458.8 50657.9 830403 025800 2
11793.8 1459.2 50658.9 830403 025900 2
11792.7 1460.6 50658.9 830403 030000 2
11793.1 1457.9 50659.8 830403 030100 2
11794.1 1456.8 50658.9 830403 030200 2
11793.9 1458.0 50658.9 830403 030300 2
11793.9 1458.0 50658.9 830403 030400 2
11791.5 1456.1 50660.8 830403 030500 2
11795.1 1455.4 50661.8 830403 030600 2
11796.2 1453.7 50662.8 830403 030700 2
11793.6 1453.6 50663.8 830403 030800 2
11794.4 1454.4 50665.7 830403 030900 2
11793.5 1454.5 50666.7 830403 031000 2
11797.7 1455.7 50668.7 830403 031100 2
11797.6 1456.3 50668.7 830403 031200 2
11798.5 1456.4 50668.7 830403 031300 2
11795.1 1455.4 50666.7 830403 031400 2
11796.3 1453.4 50666.7 830403 031500 2
11797.2 1452.6 50667.7 830403 031600 2
11795.5 1452.3 50667.7 830403 031700 2
11794.6 1452.2 50667.7 830403 031800 2
11794.5 1453.1 50666.7 830403 031900 2
11796.3 1453.4 50668.7 830403 032000 2
11797.1 1453.8 50670.6 830403 032100 2
11799.1 1451.3 50670.6 830403 032200 2
11803.6 1450.9 50670.6 830403 032300 2
11807.1 1450.7 50672.6 830403 032400 2
11809.8 1449.8 50673.6 830403 032500 2
11809.1 1449.1 50672.6 830403 032600 2
11809.0 1449.4 50669.6 830403 032700 2
11811.5 1450.3 50667.7 830403 032800 2
11806.5 1448.8 50669.6 830403 032900 2
11807.5 1447.4 50669.6 830403 033000 2
11812.0 1446.4 50668.7 830403 033100 2
11813.2 1443.8 50670.6 830403 033200 2
11807.9 1451.4 50666.7 830403 033300 2
11805.3 1451.4 50663.8 830403 033400 2
11805.5 1449.9 50668.7 830403 033500 2
11795.7 1450.5 50667.7 830403 033600 2
11795.3 1446.5 50661.8 830403 033700 2
11796.9 1448.5 50660.8 830403 033800 2
11796.2 1446.9 50662.8 830403 033900 2
11793.6 1446.6 50659.8 830403 034000 2
11793.5 1447.5 50661.8 830403 034100 2
11793.4 1448.4 50660.8 830403 034200 2
11794.3 1448.2 50667.7 830403 034300 2
11800.4 1448.3 50666.7 830403 034400 2
11797.9 1447.4 50664.7 830403 034500 2
11794.4 1447.3 50661.8 830403 034600 2
11790.8 1447.5 50658.9 830403 034700 2
11792.3 1449.5 50659.8 830403 034800 2
11792.5 1448.3 50659.8 830403 034900 2
11794.4 1447.3 50660.8 830403 035000 2
11797.3 1444.6 50661.8 830403 035100 2
11800.8 1445.0 50659.8 830403 035200 2
11798.1 1445.3 50663.8 830403 035300 2
11800.7 1445.6 50663.8 830403 035400 2
11804.2 1445.7 50666.7 830403 035500 2
11808.7 1445.1 50667.7 830403 035600 2
11804.7 1441.5 50666.7 830403 035700 2
11797.9 1439.8 50663.8 830403 035800 2
11796.8 1442.1 50664.7 830403 035900 2
11800.0 1444.0 50666.7 830403 040000 2
11792.2 1443.4 50665.7 830403 040100 2
11785.1 1444.0 50665.7 830403 040200 2
11784.0 1446.3 50665.7 830403 040300 2
11788.9 1448.8 50667.7 830403 040400 2
11787.9 1450.2 50668.7 830403 040500 2
11786.1 1450.3 50668.7 830403 040600 2
11789.6 1450.4 50667.7 830403 040700 2
11799.3 1449.8 50668.7 830403 040800 2
11804.6 1449.5 50670.6 830403 040900 2
11798.7 1448.1 50668.7 830403 041000 2
11799.6 1447.3 50670.6 830403 041100 2
11804.5 1443.0 50673.6 830403 041200 2
11806.3 1442.6 50675.5 830403 041300 2
11804.8 1441.2 50678.5 830403 041400 2
11811.5 1443.3 50680.4 830403 041500 2
11819.5 1442.4 50682.4 830403 041600 2
11819.8 1440.0 50685.3 830403 041700 2
11819.8 1439.7 50690.2 830403 041800 2
11819.9 1439.4 50692.2 830403 041900 2
11821.9 1437.2 50692.2 830403 042000 2
11823.7 1436.8 50692.2 830403 042100 2
11821.0 1437.1 50693.2 830403 042200 2
11819.3 1437.2 50695.1 830403 042300 2
11820.3 1436.1 50697.1 830403 042400 2
11819.6 1434.4 50699.0 830403 042500 2
11823.9 1435.3 50702.0 830403 042600 2
11822.2 1434.4 50702.0 830403 042700 2
11810.4 1430.9 50699.0 830403 042800 2
11804.2 1431.3 50701.0 830403 042900 2
11808.2 1434.3 50702.0 830403 043000 2
11811.0 1432.8 50703.0 830403 043100 2
11807.8 1430.5 50705.9 830403 043200 2
11805.8 1432.5 50707.9 830403 043300 2
11806.6 1433.2 50710.8 830403 043400 2
11811.7 1434.4 50713.7 830403 043500 2
11806.1 1437.4 50717.7 830403 043600 2
11808.0 1436.4 50715.7 830403 043700 2
11811.4 1436.8 50717.7 830403 043800 2
11814.2 1435.3 50717.7 830403 043900 2
11811.0 1432.8 50719.6 830403 044000 2
11805.9 1432.2 50718.6 830403 044100 2
11794.2 1434.4 50718.6 830403 044200 2
11786.9 1436.9 50717.7 830403 044300 2
11788.8 1435.6 50719.6 830403 044400 2
11795.4 1438.5 50720.6 830403 044500 2
11791.1 1438.0 50718.6 830403 044600 2
11786.8 1437.8 50720.6 830403 044700 2
11790.2 1438.5 50719.6 830403 044800 2
11783.4 1437.1 50717.7 830403 044900 2
11784.9 1438.8 50723.5 830403 045000 2
11791.9 1438.7 50725.5 830403 045100 2
11787.1 1435.4 50719.6 830403 045200 2
11787.8 1436.7 50721.6 830403 045300 2
11783.3 1437.4 50724.5 830403 045400 2
11783.3 1437.7 50723.5 830403 045500 2
11786.9 1436.9 50719.6 830403 045600 2
11787.2 1434.5 50724.5 830403 045700 2
11794.1 1435.3 50728.4 830403 045800 2
11793.3 1434.3 50727.5 830403 045900 2
11798.7 1433.7 50729.4 830403 050000 2
11801.0 1435.9 50729.4 830403 050100 2
11802.8 1435.8 50723.5 830403 050200 2
11797.9 1432.7 50725.5 830403 050300 2
11801.5 1432.2 50726.5 830403 050400 2
11799.6 1432.9 50721.6 830403 050500 2
11796.5 1429.5 50714.7 830403 050600 2
11792.7 1425.3 50710.8 830403 050700 2
11789.3 1424.0 50712.8 830403 050800 2
11783.7 1427.3 50717.7 830403 050900 2
11792.6 1425.6 50720.6 830403 051000 2
11798.0 1424.5 50715.7 830403 051100 2
11798.7 1426.4 50716.7 830403 051200 2
11798.6 1427.3 50711.8 830403 051300 2
11807.0 1422.5 50704.9 830403 051400 2
11802.1 1419.7 50701.0 830403 051500 2
11800.3 1419.8 50698.1 830403 051600 2
11793.6 1417.8 50700.0 830403 051700 2
11791.6 1420.0 50703.0 830403 051800 2
11794.8 1421.9 50705.9 830403 051900 2
11801.0 1421.4 50704.9 830403 052000 2
11800.5 1418.3 50703.0 830403 052100 2
11800.4 1419.2 50698.1 830403 052200 2
11791.6 1420.0 50699.0 830403 052300 2
11787.0 1421.6 50701.0 830403 052400 2
11784.7 1425.6 50703.0 830403 052500 2
11789.7 1428.3 50703.9 830403 052600 2
11788.5 1430.7 50705.9 830403 052700 2
11794.6 1431.1 50706.9 830403 052800 2
11801.0 1428.8 50706.9 830403 052900 2
11801.0 1428.8 50706.9 830403 053000 2
11800.8 1430.3 50706.9 830403 053100 2
11794.6 1430.8 50707.9 830403 053200 2
11797.4 1429.3 50708.8 830403 053300 2
11801.8 1429.5 50709.8 830403 053400 2
11799.0 1431.0 50710.8 830403 053500 2
11797.4 1429.6 50711.8 830403 053600 2
11798.6 1426.7 50710.8 830403 053700 2
11796.9 1426.8 50708.8 830403 053800 2
11798.7 1426.4 50708.8 830403 053900 2
11798.8 1425.2 50707.9 830403 054000 2
11802.3 1425.0 50707.9 830403 054100 2
11797.1 1424.7 50706.9 830403 054200 2
11796.1 1425.8 50705.9 830403 054300 2
11792.6 1425.9 50703.9 830403 054400 2
11795.7 1422.0 50703.0 830403 054500 2
11801.3 1419.3 50701.0 830403 054600 2
11801.2 1419.6 50698.1 830403 054700 2
11801.1 1420.8 50696.1 830403 054800 2
11797.4 1422.5 50695.1 830403 054900 2
11796.7 1420.9 50696.1 830403 055000 2
11801.2 1420.2 50696.1 830403 055100 2
11798.3 1422.0 50695.1 830403 055200 2
11794.0 1421.8 50695.1 830403 055300 2
11794.7 1423.1 50695.1 830403 055400 2
11796.5 1422.4 50695.1 830403 055500 2
11797.5 1421.9 50693.2 830403 055600 2
11795.7 1422.0 50692.2 830403 055700 2
11798.3 1422.3 50692.2 830403 055800 2
11796.6 1421.8 50691.2 830403 055900 2
11793.1 1421.4 50688.3 830403 060000 2
11790.5 1421.7 50689.2 830403 060100 2
11796.3 1424.6 50691.2 830403 060200 2
11794.3 1426.2 50692.2 830403 060300 2
11801.2 1427.3 50692.2 830403 060400 2
11798.9 1424.9 50691.2 830403 060500 2
11804.3 1423.1 50691.2 830403 060600 2
11803.8 1419.9 50690.2 830403 060700 2
11791.1 1423.6 50689.2 830403 060800 2
11797.6 1428.1 50690.2 830403 060900 2
11788.7 1421.8 50691.2 830403 061000 2
11795.4 1431.8 50694.1 830403 061100 2
11799.9 1430.8 50696.1 830403 061200 2
11795.9 1427.6 50695.1 830403 061300 2
11799.1 1430.1 50695.1 830403 061400 2
11808.0 1429.0 50696.1 830403 061500 2
11804.3 1423.1 50693.2 830403 061600 2
11799.6 1426.2 50692.2 830403 061700 2
11799.5 1427.1 50693.2 830403 061800 2
11796.9 1426.5 50698.1 830403 061900 2
11799.8 1431.7 50699.0 830403 062000 2
11801.0 1428.5 50699.0 830403 062100 2
11805.0 1424.4 50701.0 830403 062200 2
11801.8 1421.9 50698.1 830403 062300 2
11802.2 1426.2 50704.9 830403 062400 2
11796.4 1423.3 50703.0 830403 062500 2
11794.6 1431.1 50704.9 830403 062600 2
11801.0 1436.5 50709.8 830403 062700 2
11802.9 1434.9 50711.8 830403 062800 2
11800.1 1436.4 50713.7 830403 062900 2
11801.9 1436.3 50711.8 830403 063000 2
11799.1 1437.2 50713.7 830403 063100 2
11806.1 1437.4 50714.7 830403 063200 2
11802.1 1441.2 50718.6 830403 063300 2
11803.2 1439.5 50717.7 830403 063400 2
11796.0 1434.0 50714.7 830403 063500 2
11804.1 1439.6 50714.7 830403 063600 2
11803.6 1436.2 50717.7 830403 063700 2
11795.2 1433.0 50715.7 830403 063800 2
11794.0 1436.2 50713.7 830403 063900 2
11795.4 1431.8 50712.8 830403 064000 2
11786.1 1435.9 50711.8 830403 064100 2
11787.0 1436.3 50711.8 830403 064200 2
11796.8 1427.7 50710.8 830403 064300 2
11796.5 1422.7 50708.8 830403 064400 2
11791.5 1420.6 50708.8 830403 064500 2
11786.9 1421.9 50710.8 830403 064600 2
11786.7 1423.7 50711.8 830403 064700 2
11787.3 1425.9 50713.7 830403 064800 2
11788.2 1425.7 50714.7 830403 064900 2
11785.2 1429.0 50715.7 830403 065000 2
11787.8 1429.3 50716.7 830403 065100 2
11790.4 1429.7 50716.7 830403 065200 2
11790.6 1427.5 50715.7 830403 065300 2
11787.5 1424.4 50713.7 830403 065400 2
11786.9 1422.5 50712.8 830403 065500 2
11785.7 1417.8 50711.8 830403 065600 2
11786.0 1415.1 50710.8 830403 065700 2
11784.1 1416.4 50708.8 830403 065800 2
11781.1 1419.4 50707.9 830403 065900 2
11780.1 1420.8 50707.9 830403 070000 2
11783.4 1422.4 50708.8 830403 070100 2
11781.7 1421.6 50709.8 830403 070200 2
11781.8 1420.7 50708.8 830403 070300 2
11781.2 1419.1 50707.9 830403 070400 2
11781.7 1422.2 50708.8 830403 070500 2
11780.5 1424.2 50709.8 830403 070600 2
11780.4 1425.4 50709.8 830403 070700 2
11780.2 1426.9 50709.8 830403 070800 2
11780.9 1428.8 50709.8 830403 070900 2
11780.7 1429.7 50710.8 830403 071000 2
11780.7 1429.7 50711.8 830403 071100 2
11780.9 1428.2 50712.8 830403 071200 2
11781.9 1427.1 50711.8 830403 071300 2
11782.0 1426.5 50711.8 830403 071400 2
11782.9 1426.0 50711.8 830403 071500 2
11783.8 1425.8 50711.8 830403 071600 2
11783.0 1425.4 50711.8 830403 071700 2
11783.1 1425.1 50711.8 830403 071800 2
11782.2 1425.0 50711.8 830403 071900 2
11783.1 1424.8 50711.8 830403 072000 2
11782.2 1424.7 50711.8 830403 072100 2
11781.4 1424.0 50711.8 830403 072200 2
11779.9 1422.6 50711.8 830403 072300 2
11780.4 1425.1 50711.8 830403 072400 2
11779.3 1427.4 50712.8 830403 072500 2
11784.6 1427.1 50715.7 830403 072600 2
11787.4 1425.3 50716.7 830403 072700 2
11786.5 1425.5 50714.7 830403 072800 2
11786.3 1427.0 50714.7 830403 072900 2
11787.1 1428.0 50715.7 830403 073000 2
11786.3 1427.0 50715.7 830403 073100 2
11788.0 1427.5 50714.7 830403 073200 2
11788.0 1427.8 50715.7 830403 073300 2
11788.7 1428.8 50715.7 830403 073400 2
11787.7 1430.3 50714.7 830403 073500 2
11786.7 1431.4 50717.7 830403 073600 2
11788.3 1432.2 50716.7 830403 073700 2
11791.4 1428.3 50717.7 830403 073800 2
11790.5 1428.5 50718.6 830403 073900 2
11788.9 1427.6 50717.7 830403 074000 2
11786.3 1427.3 50718.6 830403 074100 2
11786.2 1427.9 50717.7 830403 074200 2
11788.7 1429.5 50719.6 830403 074300 2
11785.2 1429.0 50719.6 830403 074400 2
11785.1 1429.6 50717.7 830403 074500 2
11778.3 1428.2 50716.7 830403 074600 2
11777.1 1431.1 50718.6 830403 074700 2
11780.3 1433.6 50719.6 830403 074800 2
11782.2 1439.1 50721.6 830403 074900 2
11790.4 1436.7 50720.6 830403 075000 2
11796.8 1427.7 50719.6 830403 075100 2
11792.1 1423.1 50717.7 830403 075200 2
11788.1 1419.3 50715.7 830403 075300 2
11783.5 1421.8 50714.7 830403 075400 2
11777.1 1423.8 50713.7 830403 075500 2
11771.6 1425.9 50713.7 830403 075600 2
11773.1 1427.9 50716.7 830403 075700 2
11778.0 1430.3 50718.6 830403 075800 2
11784.3 1429.2 50720.6 830403 075900 2
11783.1 1432.1 50722.6 830403 080000 2
11781.6 1429.8 50719.6 830403 080100 2
11781.1 1427.0 50718.6 830403 080200 2
11782.9 1426.3 50718.6 830403 080300 2
11781.3 1425.5 50716.7 830403 080400 2
11782.5 1422.6 50716.7 830403 080500 2
11781.8 1421.0 50717.7 830403 080600 2
11781.5 1423.7 50718.6 830403 080700 2
11783.3 1423.3 50717.7 830403 080800 2
11783.9 1425.5 50717.7 830403 080900 2
11783.8 1426.4 50717.7 830403 081000 2
11787.3 1426.2 50717.7 830403 081100 2
11785.6 1425.4 50718.6 830403 081200 2
11784.6 1426.8 50718.6 830403 081300 2
11785.4 1427.2 50718.6 830403 081400 2
11785.5 1426.9 50718.6 830403 081500 2
11784.5 1427.4 50718.6 830403 081600 2
11786.1 1429.1 50718.6 830403 081700 2
11786.3 1427.6 50717.7 830403 081800 2
11788.1 1426.9 50718.6 830403 081900 2
11784.3 1428.9 50717.7 830403 082000 2
11782.1 1425.9 50716.7 830403 082100 2
11780.0 1428.4 50715.7 830403 082200 2
11785.6 1426.0 50715.7 830403 082300 2
11788.6 1422.4 50716.7 830403 082400 2
11789.4 1423.7 50714.7 830403 082500 2
11787.1 1420.4 50713.7 830403 082600 2
11784.6 1419.2 50713.7 830403 082700 2
11784.5 1420.1 50711.8 830403 082800 2
11780.3 1419.3 50711.8 830403 082900 2
11780.9 1420.9 50712.8 830403 083000 2
11776.5 1420.9 50714.7 830403 083100 2
11777.9 1423.9 50713.7 830403 083200 2
11783.6 1420.9 50714.7 830403 083300 2
11783.2 1416.2 50713.7 830403 083400 2
11779.5 1418.5 50713.7 830403 083500 2
11783.5 1421.2 50714.7 830403 083600 2
11786.2 1420.9 50715.7 830403 083700 2
11785.5 1419.3 50714.7 830403 083800 2
11783.7 1419.4 50715.7 830403 083900 2
11788.2 1418.4 50716.7 830403 084000 2
11792.0 1416.1 50715.7 830403 084100 2
11786.1 1414.4 50713.7 830403 084200 2
11784.9 1416.8 50714.7 830403 084300 2
11786.8 1416.1 50715.7 830403 084400 2
11790.4 1415.0 50715.7 830403 084500 2
11793.1 1414.1 50715.7 830403 084600 2
11793.3 1413.2 50716.7 830403 084700 2
11790.7 1412.6 50716.7 830403 084800 2
11788.8 1413.9 50715.7 830403 084900 2
11785.9 1416.0 50715.7 830403 085000 2
11783.0 1418.1 50715.7 830403 085100 2
11784.9 1417.1 50715.7 830403 085200 2
11787.8 1414.7 50716.7 830403 085300 2
11788.0 1412.8 50716.7 830403 085400 2
11790.8 1411.3 50716.7 830403 085500 2
11791.9 1409.9 50716.7 830403 085600 2
11793.5 1410.7 50716.7 830403 085700 2
11796.2 1410.5 50717.7 830403 085800 2
11801.5 1410.5 50716.7 830403 085900 2
11801.6 1409.3 50716.7 830403 090000 2
11798.2 1408.2 50717.7 830403 090100 2
11799.1 1408.3 50718.6 830403 090200 2
11798.2 1408.8 50718.6 830403 090300 2
11799.1 1408.7 50718.6 830403 090400 2
11800.1 1406.9 50718.6 830403 090500 2
11800.3 1405.1 50717.7 830403 090600 2
11801.4 1403.4 50717.7 830403 090700 2
11793.6 1402.8 50718.6 830403 090800 2
11794.1 1406.2 50718.6 830403 090900 2
11792.2 1407.5 50718.6 830403 091000 2
11791.2 1408.0 50718.6 830403 091100 2
11794.2 1405.0 50719.6 830403 091200 2
11789.8 1405.1 50719.6 830403 091300 2
11781.7 1406.9 50718.6 830403 091400 2
11778.0 1409.2 50718.6 830403 091500 2
11774.3 1410.6 50718.6 830403 091600 2
11777.1 1409.4 50719.6 830403 091700 2
11779.9 1407.9 50720.6 830403 091800 2
11782.7 1406.4 50719.6 830403 091900 2
11783.6 1405.6 50720.6 830403 092000 2
11780.8 1407.4 50720.6 830403 092100 2
11785.3 1406.7 50720.6 830403 092200 2
11791.5 1405.6 50720.6 830403 092300 2
11789.9 1404.2 50720.6 830403 092400 2
11795.2 1403.9 50720.6 830403 092500 2
11793.6 1402.8 50720.6 830403 092600 2
11798.2 1401.5 50720.6 830403 092700 2
11802.7 1400.2 50720.6 830403 092800 2
11793.9 1400.1 50720.6 830403 092900 2
11793.8 1401.6 50720.6 830403 093000 2
11786.6 1402.6 50719.6 830403 093100 2
11789.8 1405.1 50719.6 830403 093200 2
11788.3 1403.7 50719.6 830403 093300 2
11794.7 1401.4 50720.6 830403 093400 2
11792.2 1400.2 50720.6 830403 093500 2
11785.2 1399.7 50721.6 830403 093600 2
11780.8 1399.7 50722.6 830403 093700 2
11776.4 1400.4 50721.6 830403 093800 2
11774.4 1402.0 50721.6 830403 093900 2
11775.0 1404.3 50722.6 830403 094000 2
11775.8 1405.0 50723.5 830403 094100 2
11774.1 1404.8 50723.5 830403 094200 2
11771.4 1405.0 50723.5 830403 094300 2
11770.5 1405.8 50724.5 830403 094400 2
11768.7 1405.9 50725.5 830403 094500 2
11765.4 1404.6 50726.5 830403 094600 2
11767.8 1405.8 50726.5 830403 094700 2
11767.2 1404.2 50726.5 830403 094800 2
11767.3 1403.3 50726.5 830403 094900 2
11764.5 1404.2 50726.5 830403 095000 2
11764.1 1407.8 50725.5 830403 095100 2
11769.6 1405.7 50725.5 830403 095200 2
11770.8 1403.4 50724.5 830403 095300 2
11770.8 1402.8 50724.5 830403 095400 2
11770.0 1402.7 50724.5 830403 095500 2
11770.9 1402.2 50724.5 830403 095600 2
11772.6 1402.7 50724.5 830403 095700 2
11769.2 1401.7 50724.5 830403 095800 2
11763.8 1402.9 50724.5 830403 095900 2
11768.6 1406.5 50724.5 830403 100000 2
11767.9 1405.5 50724.5 830403 100100 2
11766.2 1405.0 50725.5 830403 100200 2
11765.3 1405.2 50726.5 830403 100300 2
11760.0 1405.5 50726.5 830403 100400 2
11761.6 1406.9 50726.5 830403 100500 2
11763.9 1409.3 50726.5 830403 100600 2
11765.9 1407.7 50725.5 830403 100700 2
11761.6 1406.9 50724.5 830403 100800 2
11762.4 1407.0 50723.5 830403 100900 2
11759.7 1407.6 50723.5 830403 101000 2
11765.1 1406.7 50722.6 830403 101100 2
11764.4 1405.4 50722.6 830403 101200 2
11762.7 1405.2 50722.6 830403 101300 2
11766.0 1406.8 50722.6 830403 101400 2
11768.6 1406.8 50722.6 830403 101500 2
11768.6 1406.5 50722.6 830403 101600 2
11766.7 1401.1 50722.6 830403 101700 2
11767.2 1403.9 50722.6 830403 101800 2
11769.1 1402.9 50722.6 830403 101900 2
11764.6 1403.3 50721.6 830403 102000 2
11766.4 1403.2 50721.6 830403 102100 2
11770.1 1401.8 50721.6 830403 102200 2
11769.4 1400.5 50720.6 830403 102300 2
11769.4 1399.9 50720.6 830403 102400 2
11771.2 1400.1 50720.6 830403 102500 2
11771.9 1400.8 50719.6 830403 102600 2
11772.8 1400.9 50719.6 830403 102700 2
11772.0 1400.5 50719.6 830403 102800 2
11773.0 1399.7 50719.6 830403 102900 2
11773.0 1399.1 50719.6 830403 103000 2
11774.7 1399.6 50718.6 830403 103100 2
11774.7 1399.9 50718.6 830403 103200 2
11774.8 1399.0 50719.6 830403 103300 2
11775.7 1399.1 50719.6 830403 103400 2
11776.4 1399.8 50718.6 830403 103500 2
11776.5 1399.2 50718.6 830403 103600 2
11777.4 1399.3 50718.6 830403 103700 2
11780.8 1400.4 50718.6 830403 103800 2
11780.0 1399.0 50718.6 830403 103900 2
11778.3 1398.8 50719.6 830403 104000 2
11780.1 1398.7 50719.6 830403 104100 2
11780.3 1396.9 50719.6 830403 104200 2
11781.2 1397.0 50719.6 830403 104300 2
11781.2 1396.4 50719.6 830403 104400 2
11781.1 1397.6 50719.6 830403 104500 2
11779.3 1398.0 50719.6 830403 104600 2
11779.5 1395.9 50720.6 830403 104700 2
11781.2 1397.0 50720.6 830403 104800 2
11780.2 1397.5 50720.6 830403 104900 2
11780.9 1398.8 50720.6 830403 105000 2
11781.8 1399.2 50720.6 830403 105100 2
11781.7 1399.5 50720.6 830403 105200 2
11780.8 1400.0 50719.6 830403 105300 2
11780.8 1400.4 50719.6 830403 105400 2
11781.8 1398.9 50718.6 830403 105500 2
11779.1 1399.2 50718.6 830403 105600 2
11782.6 1399.7 50718.6 830403 105700 2
11780.0 1399.0 50719.6 830403 105800 2
11779.9 1399.9 50719.6 830403 105900 2
11780.8 1400.0 50716.7 830403 110000 2
11782.6 1399.3 50714.7 830403 110100 2
11786.2 1398.6 50715.7 830403 110200 2
11783.9 1396.1 50715.7 830403 110300 2
11783.0 1396.3 50715.7 830403 110400 2
11780.3 1396.6 50716.7 830403 110500 2
11782.1 1396.2 50716.7 830403 110600 2
11782.2 1395.3 50716.7 830403 110700 2
11784.0 1395.2 50716.7 830403 110800 2
11784.1 1394.3 50716.7 830403 110900 2
11787.1 1391.0 50716.7 830403 111000 2
11790.9 1388.4 50717.7 830403 111100 2
11790.1 1387.7 50718.6 830403 111200 2
11791.7 1381.8 50718.6 830403 111300 2
11796.9 1382.1 50719.6 830403 111400 2
11800.5 1381.3 50719.6 830403 111500 2
11801.6 1379.5 50719.6 830403 111600 2
11805.3 1378.1 50719.6 830403 111700 2
11808.0 1377.5 50719.6 830403 111800 2
11808.9 1376.7 50720.6 830403 111900 2
11809.9 1376.2 50721.6 830403 112000 2
11813.4 1375.7 50721.6 830403 112100 2
11815.3 1375.0 50722.6 830403 112200 2
11817.8 1375.6 50722.6 830403 112300 2
11821.2 1376.9 50723.5 830403 112400 2
11822.7 1378.9 50724.5 830403 112500 2
11821.2 1376.9 50724.5 830403 112600 2
11824.0 1375.7 50725.5 830403 112700 2
11827.7 1373.7 50726.5 830403 112800 2
11829.5 1373.6 50727.5 830403 112900 2
11828.6 1373.5 50728.4 830403 113000 2
11830.3 1374.3 50728.4 830403 113100 2
11833.9 1372.9 50728.4 830403 113200 2
11839.4 1370.8 50728.4 830403 113300 2
11840.6 1368.4 50729.4 830403 113400 2
11842.4 1367.7 50730.4 830403 113500 2
11846.2 1365.4 50731.4 830403 113600 2
11847.8 1366.8 50731.4 830403 113700 2
11847.7 1367.7 50732.4 830403 113800 2
11849.3 1368.8 50732.4 830403 113900 2
11852.6 1370.1 50733.3 830403 114000 2
11853.6 1369.6 50734.3 830403 114100 2
11854.6 1367.9 50736.3 830403 114200 2
11854.5 1369.1 50737.3 830403 114300 2
11853.6 1369.6 50737.3 830403 114400 2
11853.6 1369.0 50738.2 830403 114500 2
11850.0 1370.4 50739.2 830403 114600 2
11851.5 1372.8 50740.2 830403 114700 2
11851.4 1373.4 50741.2 830403 114800 2
11851.4 1373.1 50741.2 830403 114900 2
11854.9 1373.5 50742.2 830403 115000 2
11857.4 1374.7 50742.2 830403 115100 2
11858.6 1371.4 50743.1 830403 115200 2
11855.3 1369.5 50743.1 830403 115300 2
11859.6 1370.6 50744.1 830403 115400 2
11858.0 1369.5 50744.1 830403 115500 2
11856.2 1369.3 50744.1 830403 115600 2
11854.4 1370.3 50745.1 830403 115700 2
11854.2 1371.6 50745.1 830403 115800 2
11855.9 1372.4 50745.1 830403 115900 2
11858.6 1371.1 50746.1 830403 120000 2
11858.6 1371.1 50746.1 830403 120100 2
11857.8 1371.0 50746.1 830403 120200 2
11856.0 1371.1 50746.1 830403 120300 2
11855.1 1371.7 50746.1 830403 120400 2
11852.4 1372.0 50747.1 830403 120500 2
11850.8 1371.2 50748.0 830403 120600 2
11854.1 1372.2 50749.0 830403 120700 2
11849.9 1371.1 50750.0 830403 120800 2
11851.7 1370.6 50751.0 830403 120900 2
11845.7 1369.3 50752.0 830403 121000 2
11842.6 1373.3 50752.0 830403 121100 2
11844.7 1370.8 50752.9 830403 121200 2
11837.0 1369.2 50753.9 830403 121300 2
11832.3 1371.5 50754.9 830403 121400 2
11833.2 1371.3 50755.9 830403 121500 2
11830.4 1372.8 50757.8 830403 121600 2
11829.4 1373.9 50758.8 830403 121700 2
11829.6 1372.7 50760.8 830403 121800 2
11830.7 1370.4 50761.8 830403 121900 2
11832.8 1367.2 50763.7 830403 122000 2
11832.9 1366.9 50764.7 830403 122100 2
11829.8 1370.6 50765.7 830403 122200 2
11829.6 1372.7 50767.6 830403 122300 2
11828.3 1375.6 50768.6 830403 122400 2
11823.6 1378.7 50769.6 830403 122500 2
11819.1 1380.1 50769.6 830403 122600 2
11816.3 1381.0 50770.6 830403 122700 2
11812.6 1382.7 50770.6 830403 122800 2
11812.7 1381.8 50771.6 830403 122900 2
11814.4 1382.6 50771.6 830403 123000 2
11813.3 1384.3 50771.6 830403 123100 2
11813.3 1384.3 50771.6 830403 123200 2
11817.9 1382.7 50772.5 830403 123300 2
11817.2 1381.4 50771.6 830403 123400 2
11814.4 1382.3 50772.5 830403 123500 2
11811.7 1383.5 50773.5 830403 123600 2
11810.9 1382.2 50773.5 830403 123700 2
11810.9 1382.2 50773.5 830403 123800 2
11809.9 1383.3 50773.5 830403 123900 2
11809.0 1384.1 50774.5 830403 124000 2
11807.1 1384.8 50773.5 830403 124100 2
11804.4 1386.0 50774.5 830403 124200 2
11801.5 1387.8 50774.5 830403 124300 2
11801.6 1386.9 50774.5 830403 124400 2
11804.1 1388.4 50774.5 830403 124500 2
11804.7 1390.6 50774.5 830403 124600 2
11802.8 1391.9 50774.5 830403 124700 2
11802.0 1391.5 50774.5 830403 124800 2
11800.1 1392.8 50774.5 830403 124900 2
11797.3 1393.7 50774.5 830403 125000 2
11797.2 1395.0 50774.5 830403 125100 2
11796.1 1396.4 50773.5 830403 125200 2
11794.2 1397.7 50773.5 830403 125300 2
11792.2 1399.6 50772.5 830403 125400 2
11792.5 1397.8 50772.5 830403 125500 2
11797.0 1396.8 50771.6 830403 125600 2
11795.2 1397.2 50770.6 830403 125700 2
11794.2 1398.3 50769.6 830403 125800 2
11792.4 1398.7 50768.6 830403 125900 2
11790.6 1399.1 50767.6 830403 130000 2
11788.8 1399.2 50766.7 830403 130100 2
11787.1 1398.4 50766.7 830403 130200 2
11785.4 1397.8 50765.7 830403 130300 2
11783.6 1398.2 50764.7 830403 130400 2
11781.7 1399.5 50763.7 830403 130500 2
11780.9 1399.4 50762.7 830403 130600 2
11780.1 1398.7 50760.8 830403 130700 2
11780.1 1398.4 50759.8 830403 130800 2
11779.3 1398.3 50759.8 830403 130900 2
11779.3 1398.0 50758.8 830403 131000 2
11780.2 1397.8 50758.8 830403 131100 2
11780.3 1397.2 50757.8 830403 131200 2
11780.4 1396.0 50757.8 830403 131300 2
11780.5 1395.1 50756.9 830403 131400 2
11780.6 1394.5 50756.9 830403 131500 2
11780.6 1394.5 50755.9 830403 131600 2
11779.7 1394.4 50753.9 830403 131700 2
11779.7 1394.7 50752.9 830403 131800 2
11778.7 1395.2 50751.0 830403 131900 2
11778.7 1395.5 50750.0 830403 132000 2
11778.7 1395.8 50749.0 830403 132100 2
11779.7 1394.7 50748.0 830403 132200 2
11778.9 1394.0 50748.0 830403 132300 2
11779.8 1393.5 50747.1 830403 132400 2
11779.9 1393.2 50746.1 830403 132500 2
11779.0 1392.8 50745.1 830403 132600 2
11779.0 1393.1 50745.1 830403 132700 2
11779.0 1393.4 50744.1 830403 132800 2
11779.0 1393.4 50744.1 830403 132900 2
11779.8 1393.5 50743.1 830403 133000 2
11778.0 1393.9 50743.1 830403 133100 2
11778.0 1394.2 50742.2 830403 133200 2
11778.8 1394.9 50743.1 830403 133300 2
11780.5 1394.8 50743.1 830403 133400 2
11780.7 1393.9 50743.1 830403 133500 2
11780.7 1393.6 50743.1 830403 133600 2
11781.6 1393.4 50743.1 830403 133700 2
11780.7 1393.3 50742.2 830403 133800 2
11779.9 1392.6 50742.2 830403 133900 2
11779.9 1392.6 50742.2 830403 134000 2
11779.9 1392.9 50742.2 830403 134100 2
11779.9 1393.2 50741.2 830403 134200 2
11781.6 1393.1 50741.2 830403 134300 2
11779.9 1392.9 50741.2 830403 134400 2
11781.5 1394.3 50741.2 830403 134500 2
11782.3 1394.4 50741.2 830403 134600 2
11784.2 1393.7 50740.2 830403 134700 2
11783.5 1392.4 50739.2 830403 134800 2
11784.4 1392.2 50739.2 830403 134900 2
11785.2 1392.3 50738.2 830403 135000 2
11786.1 1392.4 50738.2 830403 135100 2
11786.1 1392.7 50738.2 830403 135200 2
11787.7 1393.2 50737.3 830403 135300 2
11787.7 1393.5 50737.3 830403 135400 2
11786.8 1394.0 50737.3 830403 135500 2
11785.8 1394.8 50737.3 830403 135600 2
11784.8 1395.6 50737.3 830403 135700 2
11784.7 1396.5 50737.3 830403 135800 2
11783.8 1397.0 50738.2 830403 135900 2
11782.9 1397.5 50738.2 830403 140000 2
11783.7 1397.9 50738.2 830403 140100 2
11782.8 1398.1 50738.2 830403 140200 2
11783.6 1398.8 50738.2 830403 140300 2
11784.3 1399.9 50738.2 830403 140400 2
11785.1 1400.6 50738.2 830403 140500 2
11779.9 1400.5 50737.3 830403 140600 2
11778.1 1400.9 50737.3 830403 140700 2
11778.0 1401.5 50737.3 830403 140800 2
11776.2 1401.9 50737.3 830403 140900 2
11775.3 1402.4 50737.3 830403 141000 2
11776.1 1402.9 50737.3 830403 141100 2
11776.9 1403.3 50737.3 830403 141200 2
11776.9 1403.3 50736.3 830403 141300 2
11776.9 1403.3 50736.3 830403 141400 2
11778.6 1403.8 50736.3 830403 141500 2
11780.4 1403.7 50736.3 830403 141600 2
11782.1 1403.6 50735.3 830403 141700 2
11783.9 1403.5 50735.3 830403 141800 2
11783.9 1403.2 50734.3 830403 141900 2
11786.6 1402.9 50734.3 830403 142000 2
11788.5 1401.9 50734.3 830403 142100 2
11792.1 1400.8 50733.3 830403 142200 2
11795.7 1400.0 50733.3 830403 142300 2
11794.9 1399.3 50733.3 830403 142400 2
11798.5 1398.8 50734.3 830403 142500 2
11801.1 1398.5 50734.3 830403 142600 2
11804.7 1398.0 50734.3 830403 142700 2
11804.7 1397.7 50734.3 830403 142800 2
11807.4 1397.4 50734.3 830403 142900 2
11810.0 1397.4 50734.3 830403 143000 2
11812.7 1397.4 50734.3 830403 143100 2
11812.7 1396.8 50734.3 830403 143200 2
11811.9 1396.7 50735.3 830403 143300 2
11812.7 1397.1 50735.3 830403 143400 2
11814.4 1397.3 50735.3 830403 143500 2
11814.3 1397.9 50735.3 830403 143600 2
11812.4 1399.2 50735.3 830403 143700 2
11812.4 1399.8 50735.3 830403 143800 2
11814.2 1399.4 50735.3 830403 143900 2
11814.1 1400.0 50735.3 830403 144000 2
11813.1 1400.8 50735.3 830403 144100 2
11812.2 1401.0 50735.3 830403 144200 2
11811.4 1400.9 50735.3 830403 144300 2
11811.3 1401.2 50736.3 830403 144400 2
11812.2 1401.6 50736.3 830403 144500 2
11812.1 1401.9 50736.3 830403 144600 2
11811.2 1402.4 50737.3 830403 144700 2
11811.3 1401.8 50738.2 830403 144800 2
11812.2 1401.6 50738.2 830403 144900 2
11812.1 1402.2 50738.2 830403 145000 2
11812.9 1402.3 50739.2 830403 145100 2
11812.1 1402.2 50739.2 830403 145200 2
11812.1 1402.2 50739.2 830403 145300 2
11812.9 1402.6 50739.2 830403 145400 2
11814.6 1402.8 50739.2 830403 145500 2
11813.7 1403.3 50740.2 830403 145600 2
11813.7 1403.6 50740.2 830403 145700 2
11813.6 1404.3 50740.2 830403 145800 2
11813.6 1404.3 50740.2 830403 145900 2
11813.6 1404.3 50741.2 830403 150000 2
11814.4 1404.7 50741.2 830403 150100 2
11814.4 1405.0 50741.2 830403 150200 2
11810.9 1404.9 50741.2 830403 150300 2
11810.9 1405.2 50742.2 830403 150400 2
11810.0 1405.4 50742.2 830403 150500 2
11809.9 1405.7 50742.2 830403 150600 2
11809.0 1406.2 50743.1 830403 150700 2
11809.0 1406.2 50743.1 830403 150800 2
11807.3 1405.6 50743.1 830403 150900 2
11808.2 1405.1 50743.1 830403 151000 2
11809.2 1404.0 50743.1 830403 151100 2
11808.3 1404.2 50743.1 830403 151200 2
11808.3 1404.2 50743.1 830403 151300 2
11806.5 1405.2 50743.1 830403 151400 2
11804.7 1405.6 50744.1 830403 151500 2
11804.7 1405.3 50744.1 830403 151600 2
11808.5 1403.0 50744.1 830403 151700 2
11803.2 1403.6 50745.1 830403 151800 2
11803.9 1404.6 50745.1 830403 151900 2
11805.8 1403.3 50745.1 830403 152000 2
11804.7 1405.0 50746.1 830403 152100 2
11809.3 1403.7 50746.1 830403 152200 2
11811.1 1403.3 50747.1 830403 152300 2
11809.9 1406.3 50748.0 830403 152400 2
11813.2 1407.6 50749.0 830403 152500 2
11811.4 1408.3 50750.0 830403 152600 2
11809.5 1409.6 50751.0 830403 152700 2
11806.5 1412.0 50752.0 830403 152800 2
11807.3 1413.0 50752.9 830403 152900 2
11803.8 1413.2 50752.9 830403 153000 2
11804.5 1414.5 50753.9 830403 153100 2
11806.4 1413.5 50754.9 830403 153200 2
11808.1 1413.7 50755.9 830403 153300 2
11808.9 1414.1 50756.9 830403 153400 2
11806.2 1414.4 50757.8 830403 153500 2
11807.0 1415.4 50757.8 830403 153600 2
11808.8 1415.3 50758.8 830403 153700 2
11810.5 1415.2 50759.8 830403 153800 2
11813.2 1415.2 50760.8 830403 153900 2
11816.7 1415.1 50761.8 830403 154000 2
11818.5 1414.7 50761.8 830403 154100 2
11820.2 1415.2 50762.7 830403 154200 2
11821.0 1415.6 50762.7 830403 154300 2
11820.0 1416.4 50763.7 830403 154400 2
11819.9 1417.3 50764.7 830403 154500 2
11820.7 1418.3 50764.7 830403 154600 2
11820.5 1419.5 50765.7 830403 154700 2
11820.4 1421.0 50766.7 830403 154800 2
11820.1 1422.8 50765.7 830403 154900 2
11821.7 1424.6 50766.7 830403 155000 2
11824.1 1426.1 50765.7 830403 155100 2
11827.8 1425.0 50765.7 830403 155200 2
11829.7 1423.7 50764.7 830403 155300 2
11833.3 1422.9 50762.7 830403 155400 2
11834.3 1421.8 50761.8 830403 155500 2
11834.4 1420.6 50760.8 830403 155600 2
11834.5 1419.6 50759.8 830403 155700 2
11832.9 1418.8 50757.8 830403 155800 2
11830.5 1417.0 50755.9 830403 155900 2
11828.0 1416.1 50754.9 830403 160000 2
11825.3 1416.1 50754.9 830403 160100 2
11821.3 1420.5 50753.9 830403 160200 2
11815.2 1420.1 50752.9 830403 160300 2
11815.1 1421.0 50752.9 830403 160400 2
11812.3 1422.5 50752.9 830403 160500 2
11808.6 1423.9 50752.9 830403 160600 2
11805.9 1424.2 50752.9 830403 160700 2
11808.4 1426.0 50752.9 830403 160800 2
11806.5 1426.7 50753.9 830403 160900 2
11804.6 1427.7 50754.9 830403 161000 2
11805.4 1428.7 50755.9 830403 161100 2
11806.8 1431.7 50756.9 830403 161200 2
11804.1 1432.2 50757.8 830403 161300 2
11805.8 1432.8 50758.8 830403 161400 2
11803.4 1437.7 50759.8 830403 161500 2
11800.7 1438.6 50759.8 830403 161600 2
11805.6 1441.3 50760.8 830403 161700 2
11800.9 1444.1 50760.8 830403 161800 2
11804.3 1445.1 50762.7 830403 161900 2
11801.5 1446.6 50763.7 830403 162000 2
11805.6 1448.7 50764.7 830403 162100 2
11810.9 1448.7 50763.7 830403 162200 2
11810.6 1450.5 50762.7 830403 162300 2
11813.2 1450.8 50762.7 830403 162400 2
11817.5 1451.4 50760.8 830403 162500 2
11816.8 1450.4 50759.8 830403 162600 2
11819.5 1450.1 50758.8 830403 162700 2
11821.4 1448.2 50756.9 830403 162800 2
11822.6 1445.5 50754.9 830403 162900 2
11824.6 1443.9 50752.9 830403 163000 2
11824.1 1441.1 50752.0 830403 163100 2
11823.3 1440.4 50750.0 830403 163200 2
11822.4 1440.6 50748.0 830403 163300 2
11819.2 1438.1 50747.1 830403 163400 2
11820.4 1435.4 50745.1 830403 163500 2
11823.4 1432.4 50744.1 830403 163600 2
11819.7 1433.5 50743.1 830403 163700 2
11820.6 1433.3 50742.2 830403 163800 2
11817.2 1432.6 50741.2 830403 163900 2
11819.7 1433.5 50740.2 830403 164000 2
11819.1 1431.3 50739.2 830403 164100 2
11821.1 1429.7 50738.2 830403 164200 2
11822.9 1428.7 50737.3 830403 164300 2
11823.2 1426.9 50737.3 830403 164400 2
11823.3 1425.4 50736.3 830403 164500 2
11825.2 1424.4 50735.3 830403 164600 2
11825.4 1423.2 50734.3 830403 164700 2
11825.5 1422.2 50734.3 830403 164800 2
11824.7 1421.2 50733.3 830403 164900 2
11824.8 1420.3 50733.3 830403 165000 2
11824.1 1418.7 50732.4 830403 165100 2
11824.3 1417.2 50731.4 830403 165200 2
11824.4 1416.3 50731.4 830403 165300 2
11823.7 1415.3 50730.4 830403 165400 2
11824.6 1414.5 50730.4 830403 165500 2
11823.9 1413.5 50729.4 830403 165600 2
11823.9 1413.2 50729.4 830403 165700 2
11823.1 1412.7 50728.4 830403 165800 2
11821.4 1412.2 50728.4 830403 165900 2
11819.7 1411.7 50728.4 830403 170000 2
11818.0 1411.5 50728.4 830403 170100 2
11817.2 1411.1 50728.4 830403 170200 2
11816.2 1411.6 50728.4 830403 170300 2
11816.2 1411.9 50727.5 830403 170400 2
11817.2 1410.8 50726.5 830403 170500 2
11819.8 1410.8 50726.5 830403 170600 2
11820.7 1410.9 50725.5 830403 170700 2
11818.2 1409.7 50725.5 830403 170800 2
11816.5 1408.9 50725.5 830403 170900 2
11816.5 1409.5 50724.5 830403 171000 2
11816.5 1408.9 50724.5 830403 171100 2
11816.7 1408.0 50723.5 830403 171200 2
11816.7 1407.4 50723.5 830403 171300 2
11816.8 1407.1 50723.5 830403 171400 2
11817.0 1405.3 50723.5 830403 171500 2
11816.9 1405.6 50723.5 830403 171600 2
11816.8 1406.5 50723.5 830403 171700 2
11816.0 1406.4 50723.5 830403 171800 2
11815.1 1406.0 50723.5 830403 171900 2
11814.3 1405.6 50723.5 830403 172000 2
11813.5 1405.5 50722.6 830403 172100 2
11812.6 1405.4 50721.6 830403 172200 2
11811.7 1405.6 50720.6 830403 172300 2
11811.7 1405.9 50720.6 830403 172400 2
11810.7 1406.7 50720.6 830403 172500 2
11809.8 1406.9 50719.6 830403 172600 2
11808.9 1406.8 50718.6 830403 172700 2
11808.9 1406.8 50718.6 830403 172800 2
11808.9 1407.1 50719.6 830403 172900 2
11808.9 1407.1 50719.6 830403 173000 2
11808.8 1407.4 50719.6 830403 173100 2
11807.9 1407.6 50720.6 830403 173200 2
11807.0 1407.8 50719.6 830403 173300 2
11806.1 1408.0 50719.6 830403 173400 2
11806.1 1408.0 50719.6 830403 173500 2
11806.1 1408.3 50720.6 830403 173600 2
11806.1 1408.3 50720.6 830403 173700 2
11806.1 1408.3 50720.6 830403 173800 2
11805.2 1408.2 50720.6 830403 173900 2
11804.4 1407.8 50720.6 830403 174000 2
11805.3 1407.9 50720.6 830403 174100 2
11805.3 1407.9 50720.6 830403 174200 2
11805.3 1407.9 50720.6 830403 174300 2
11806.2 1407.7 50720.6 830403 174400 2
11806.2 1407.7 50720.6 830403 174500 2
11806.2 1407.4 50720.6 830403 174600 2
11805.4 1407.3 50720.6 830403 174700 2
11806.2 1407.4 50719.6 830403 174800 2
11806.3 1407.1 50719.6 830403 174900 2
11806.3 1407.1 50719.6 830403 175000 2
11806.3 1407.1 50718.6 830403 175100 2
11805.4 1407.3 50718.6 830403 175200 2
11805.4 1407.0 50718.6 830403 175300 2
11805.4 1407.0 50717.7 830403 175400 2
11804.5 1406.9 50717.7 830403 175500 2
11804.5 1406.9 50717.7 830403 175600 2
11803.7 1406.7 50717.7 830403 175700 2
11803.7 1406.4 50717.7 830403 175800 2
11803.7 1406.4 50717.7 830403 175900 2
11805.4 1407.0 50725.5 830403 180000 2
11805.4 1407.0 50725.5 830403 180100 2
11805.4 1407.0 50724.5 830403 180200 2
11804.5 1407.2 50724.5 830403 180300 2
11803.6 1407.4 50724.5 830403 180400 2
11803.7 1406.7 50724.5 830403 180500 2
11803.7 1406.1 50723.5 830403 180600 2
11803.7 1406.1 50723.5 830403 180700 2
11803.7 1406.4 50722.6 830403 180800 2
11803.7 1406.7 50722.6 830403 180900 2
11803.7 1406.7 50721.6 830403 181000 2
11803.6 1407.1 50721.6 830403 181100 2
11804.5 1406.9 50721.6 830403 181200 2
11804.5 1406.9 50721.6 830403 181300 2
11804.5 1406.9 50721.6 830403 181400 2
11805.4 1406.7 50721.6 830403 181500 2
11805.4 1406.7 50721.6 830403 181600 2
11805.5 1406.4 50722.6 830403 181700 2
11805.4 1407.0 50722.6 830403 181800 2
11804.6 1406.5 50722.6 830403 181900 2
11803.7 1406.4 50722.6 830403 182000 2
11803.7 1406.4 50722.6 830403 182100 2
11803.7 1406.7 50722.6 830403 182200 2
11803.7 1406.4 50722.6 830403 182300 2
11804.6 1406.5 50721.6 830403 182400 2
11805.4 1406.7 50722.6 830403 182500 2
11806.3 1406.8 50722.6 830403 182600 2
11806.3 1406.8 50722.6 830403 182700 2
11806.3 1406.5 50722.6 830403 182800 2
11806.3 1406.5 50722.6 830403 182900 2
11806.4 1406.2 50722.6 830403 183000 2
11806.4 1406.2 50722.6 830403 183100 2
11806.4 1406.2 50722.6 830403 183200 2
11806.4 1406.2 50722.6 830403 183300 2
11806.3 1406.5 50722.6 830403 183400 2
11805.5 1406.4 50722.6 830403 183500 2
11805.5 1406.4 50722.6 830403 183600 2
11804.6 1406.5 50721.6 830403 183700 2
11804.5 1406.9 50721.6 830403 183800 2
11804.5 1406.9 50721.6 830403 183900 2
11804.5 1407.2 50721.6 830403 184000 2
11805.4 1407.0 50720.6 830403 184100 2
11805.4 1407.0 50720.6 830403 184200 2
11805.4 1407.0 50720.6 830403 184300 2
11805.4 1407.0 50720.6 830403 184400 2
11805.4 1407.0 50720.6 830403 184500 2
11805.4 1407.0 50720.6 830403 184600 2
11805.4 1407.0 50720.6 830403 184700 2
11806.3 1407.1 50720.6 830403 184800 2
11806.3 1407.1 50720.6 830403 184900 2
11807.1 1407.2 50720.6 830403 185000 2
11807.1 1407.2 50720.6 830403 185100 2
11807.2 1406.9 50720.6 830403 185200 2
11807.2 1406.9 50720.6 830403 185300 2
11807.2 1406.6 50720.6 830403 185400 2
11807.2 1406.3 50721.6 830403 185500 2
11807.2 1406.3 50721.6 830403 185600 2
11808.1 1406.4 50721.6 830403 185700 2
11809.0 1406.5 50721.6 830403 185800 2
11809.8 1406.6 50721.6 830403 185900 2
11809.8 1406.9 50720.6 830403 190000 2
11809.9 1406.3 50720.6 830403 190100 2
11809.9 1406.3 50720.6 830403 190200 2
11809.9 1406.0 50720.6 830403 190300 2
11810.8 1406.1 50719.6 830403 190400 2
11810.8 1405.8 50719.6 830403 190500 2
11810.0 1405.4 50719.6 830403 190600 2
11810.0 1405.4 50719.6 830403 190700 2
11810.0 1405.1 50719.6 830403 190800 2
11810.0 1405.1 50719.6 830403 190900 2
11810.0 1405.1 50719.6 830403 191000 2
11810.0 1405.1 50719.6 830403 191100 2
11810.0 1405.1 50720.6 830403 191200 2
11810.9 1405.2 50720.6 830403 191300 2
11810.9 1405.2 50720.6 830403 191400 2
11811.7 1405.3 50721.6 830403 191500 2
11811.7 1405.6 50721.6 830403 191600 2
11811.7 1405.6 50721.6 830403 191700 2
11810.8 1405.5 50722.6 830403 191800 2
11809.1 1405.3 50722.6 830403 191900 2
11809.1 1405.6 50722.6 830403 192000 2
11810.0 1405.4 50722.6 830403 192100 2
11810.0 1405.4 50722.6 830403 192200 2
11810.0 1405.1 50722.6 830403 192300 2
11810.0 1405.4 50722.6 830403 192400 2
11810.8 1405.8 50722.6 830403 192500 2
11810.8 1405.8 50722.6 830403 192600 2
11810.8 1406.1 50722.6 830403 192700 2
11810.8 1406.1 50722.6 830403 192800 2
11810.7 1406.4 50721.6 830403 192900 2
11810.7 1406.7 50721.6 830403 193000 2
11810.6 1407.0 50721.6 830403 193100 2
11810.6 1407.3 50721.6 830403 193200 2
11809.7 1407.5 50721.6 830403 193300 2
11809.7 1407.8 50721.6 830403 193400 2
11808.8 1408.0 50721.6 830403 193500 2
11808.7 1408.3 50721.6 830403 193600 2
11808.7 1408.6 50721.6 830403 193700 2
11808.7 1408.6 50721.6 830403 193800 2
11808.7 1408.9 50721.6 830403 193900 2
11808.6 1409.2 50721.6 830403 194000 2
11808.6 1409.2 50722.6 830403 194100 2
11808.7 1408.9 50722.6 830403 194200 2
11808.7 1408.6 50722.6 830403 194300 2
11807.9 1408.2 50721.6 830403 194400 2
11808.7 1408.3 50721.6 830403 194500 2
11808.7 1408.3 50721.6 830403 194600 2
11808.7 1408.3 50721.6 830403 194700 2
11809.6 1408.4 50721.6 830403 194800 2
11809.6 1408.1 50721.6 830403 194900 2
11810.5 1408.2 50721.6 830403 195000 2
11811.4 1408.3 50722.6 830403 195100 2
11811.3 1408.6 50722.6 830403 195200 2
11811.3 1408.9 50722.6 830403 195300 2
11811.3 1408.9 50722.6 830403 195400 2
11811.3 1408.9 50723.5 830403 195500 2
11810.4 1409.1 50723.5 830403 195600 2
11809.5 1409.0 50723.5 830403 195700 2
11807.8 1409.1 50723.5 830403 195800 2
11806.8 1409.6 50723.5 830403 195900 2
11806.8 1409.6 50723.5 830403 200000 2
11807.6 1410.3 50723.5 830403 200100 2
11807.5 1410.9 50723.5 830403 200200 2
11808.4 1411.0 50723.5 830403 200300 2
11808.4 1411.0 50723.5 830403 200400 2
11806.7 1410.8 50723.5 830403 200500 2
11805.9 1410.4 50723.5 830403 200600 2
11805.9 1410.4 50723.5 830403 200700 2
11805.8 1410.7 50723.5 830403 200800 2
11805.8 1411.0 50723.5 830403 200900 2
11806.6 1411.7 50722.6 830403 201000 2
11807.5 1411.5 50722.6 830403 201100 2
11807.5 1411.2 50722.6 830403 201200 2
11808.4 1411.0 50722.6 830403 201300 2
11807.6 1410.6 50722.6 830403 201400 2
11808.5 1410.4 50722.6 830403 201500 2
11809.4 1410.2 50722.6 830403 201600 2
11809.5 1409.6 50722.6 830403 201700 2
11809.5 1409.0 50722.6 830403 201800 2
11809.6 1408.7 50722.6 830403 201900 2
11809.6 1408.4 50722.6 830403 202000 2
11809.6 1408.1 50722.6 830403 202100 2
11810.5 1407.9 50722.6 830403 202200 2
11810.6 1407.6 50722.6 830403 202300 2
11810.6 1407.0 50721.6 830403 202400 2
11810.7 1406.7 50720.6 830403 202500 2
11809.8 1406.6 50719.6 830403 202600 2
11809.8 1406.6 50719.6 830403 202700 2
11809.8 1406.6 50718.6 830403 202800 2
11809.9 1406.3 50718.6 830403 202900 2
11809.9 1405.7 50717.7 830403 203000 2
11809.1 1405.3 50716.7 830403 203100 2
11809.2 1404.6 50716.7 830403 203200 2
11808.4 1403.9 50715.7 830403 203300 2
11808.4 1403.6 50715.7 830403 203400 2
11807.6 1403.2 50714.7 830403 203500 2
11807.6 1403.2 50714.7 830403 203600 2
11809.3 1403.7 50713.7 830403 203700 2
11809.3 1403.7 50713.7 830403 203800 2
11810.2 1403.5 50713.7 830403 203900 2
11810.2 1403.2 50713.7 830403 204000 2
11809.4 1402.8 50713.7 830403 204100 2
11809.4 1402.8 50713.7 830403 204200 2
11808.5 1403.0 50713.7 830403 204300 2
11808.4 1403.3 50713.7 830403 204400 2
11807.5 1403.8 50713.7 830403 204500 2
11806.6 1404.0 50713.7 830403 204600 2
11805.7 1404.2 50713.7 830403 204700 2
11804.8 1404.4 50713.7 830403 204800 2
11803.9 1404.6 50713.7 830403 204900 2
11803.0 1404.5 50713.7 830403 205000 2
11803.0 1404.5 50713.7 830403 205100 2
11802.2 1404.4 50713.7 830403 205200 2
11802.1 1404.7 50713.7 830403 205300 2
11802.1 1404.7 50712.8 830403 205400 2
11802.1 1404.7 50712.8 830403 205500 2
11802.2 1404.4 50712.8 830403 205600 2
11801.4 1404.0 50712.8 830403 205700 2
11802.2 1404.1 50712.8 830403 205800 2
11806.5 1404.6 50712.8 830403 205900 2
11810.9 1404.9 50707.9 830403 210000 2
11810.6 1407.6 50705.9 830403 210100 2
11801.0 1407.3 50701.0 830403 210200 2
11840.3 1415.1 50699.0 830403 210300 2
11858.3 1418.8 50706.9 830403 210400 2
11857.2 1427.6 50708.8 830403 210500 2
11860.6 1421.5 50702.0 830403 210600 2
11854.1 1424.5 50693.2 830403 210700 2
11845.6 1429.6 50685.3 830403 210800 2
11838.3 1424.4 50676.5 830403 210900 2
11829.9 1414.5 50665.7 830403 211000 2
11823.6 1416.2 50654.9 830403 211100 2
11816.1 1419.6 50648.1 830403 211200 2
11813.7 1417.8 50642.2 830403 211300 2
11814.1 1422.1 50636.3 830403 211400 2
11807.8 1423.5 50631.4 830403 211500 2
11807.2 1421.3 50626.5 830403 211600 2
11806.0 1423.6 50621.6 830403 211700 2
11803.6 1421.8 50622.6 830403 211800 2
11805.0 1424.7 50626.5 830403 211900 2
11810.6 1429.3 50629.5 830403 212000 2
11808.0 1428.7 50633.4 830403 212100 2
11811.0 1425.7 50638.3 830403 212200 2
11816.6 1430.1 50642.2 830403 212300 2
11812.5 1427.7 50646.1 830403 212400 2
11807.7 1431.5 50640.2 830403 212500 2
11798.3 1436.4 50642.2 830403 212600 2
11805.8 1440.1 50637.3 830403 212700 2
11797.0 1440.0 50632.4 830403 212800 2
11803.8 1442.0 50627.5 830403 212900 2
11802.8 1435.8 50626.5 830403 213000 2
11793.9 1436.5 50633.4 830403 213100 2
11803.6 1436.2 50629.5 830403 213200 2
11802.4 1432.0 50629.5 830403 213300 2
11800.4 1433.6 50633.4 830403 213400 2
11797.1 1432.0 50631.4 830403 213500 2
11800.2 1428.4 50621.6 830403 213600 2
11784.2 1430.1 50623.6 830403 213700 2
11780.1 1435.1 50615.7 830403 213800 2
11782.7 1435.2 50606.9 830403 213900 2
11785.0 1431.1 50600.1 830403 214000 2
11786.7 1438.4 50603.0 830403 214100 2
11765.5 1439.8 50603.0 830403 214200 2
11764.1 1443.6 50598.1 830403 214300 2
11759.2 1440.9 50592.2 830403 214400 2
11768.1 1440.1 50586.3 830403 214500 2
11779.8 1444.6 50582.4 830403 214600 2
11787.7 1444.6 50578.5 830403 214700 2
11778.9 1438.1 50579.5 830403 214800 2
11766.4 1439.3 50575.6 830403 214900 2
11755.6 1434.9 50570.7 830403 215000 2
11743.8 1430.4 50566.7 830403 215100 2
11747.2 1431.7 50560.9 830403 215200 2
11757.1 1429.9 50556.0 830403 215300 2
11748.7 1434.1 50560.9 830403 215400 2
11741.4 1435.9 50565.8 830403 215500 2
11739.3 1438.7 50570.7 830403 215600 2
11739.7 1442.7 50570.7 830403 215700 2
11751.0 1443.8 50570.7 830403 215800 2
11756.8 1446.1 50571.6 830403 215900 2
11742.8 1445.9 50572.6 830403 220000 2
11733.0 1447.7 50566.7 830403 220100 2
11726.4 1450.9 50556.9 830403 220200 2
11718.7 1456.9 50550.1 830403 220300 2
11712.2 1459.7 50541.3 830403 220400 2
11704.8 1463.1 50534.4 830403 220500 2
11697.3 1466.4 50530.5 830403 220600 2
11697.4 1465.8 50527.5 830403 220700 2
11690.9 1468.9 50523.6 830403 220800 2
11698.1 1474.4 50520.7 830403 220900 2
11706.7 1475.8 50518.7 830403 221000 2
11699.2 1472.1 50515.8 830403 221100 2
11705.7 1469.9 50512.8 830403 221200 2
11718.5 1465.4 50509.9 830403 221300 2
11719.5 1464.0 50517.7 830403 221400 2
11707.6 1468.3 50522.6 830403 221500 2
11717.2 1468.9 50524.6 830403 221600 2
11717.3 1468.3 50525.6 830403 221700 2
11707.6 1468.6 50530.5 830403 221800 2
11693.8 1473.6 50533.4 830403 221900 2
11691.5 1477.5 50528.5 830403 222000 2
11691.2 1479.9 50525.6 830403 222100 2
11691.1 1487.5 50522.6 830403 222200 2
11692.8 1488.6 50519.7 830403 222300 2
11690.8 1490.2 50516.8 830403 222400 2
11685.8 1488.4 50514.8 830403 222500 2
11689.1 1490.0 50510.9 830403 222600 2
11687.1 1485.2 50507.0 830403 222700 2
11684.1 1480.9 50501.1 830403 222800 2
11692.1 1473.3 50495.2 830403 222900 2
11696.5 1466.3 50493.2 830403 223000 2
11684.6 1463.0 50495.2 830403 223100 2
11679.6 1461.1 50495.2 830403 223200 2
11679.0 1465.6 50498.1 830403 223300 2
11692.2 1458.2 50499.1 830403 223400 2
11686.0 1451.9 50496.2 830403 223500 2
11678.7 1446.8 50502.1 830403 223600 2
11676.1 1439.5 50501.1 830403 223700 2
11668.5 1437.6 50498.1 830403 223800 2
11674.8 1436.3 50498.1 830403 223900 2
11670.0 1432.3 50503.0 830403 224000 2
11663.2 1430.6 50508.9 830403 224100 2
11658.8 1431.0 50517.7 830403 224200 2
11660.2 1433.3 50525.6 830403 224300 2
11663.5 1434.9 50531.5 830403 224400 2
11669.1 1432.8 50536.4 830403 224500 2
11676.4 1429.8 50540.3 830403 224600 2
11669.3 1430.4 50546.2 830403 224700 2
11669.9 1432.9 50552.0 830403 224800 2
11674.8 1435.7 50557.9 830403 224900 2
11678.0 1438.2 50563.8 830403 225000 2
11679.5 1440.5 50568.7 830403 225100 2
11677.5 1442.7 50572.6 830403 225200 2
11677.2 1445.4 50574.6 830403 225300 2
11675.9 1448.2 50571.6 830403 225400 2
11676.2 1452.8 50569.7 830403 225500 2
11684.9 1453.9 50567.7 830403 225600 2
11684.1 1452.9 50565.8 830403 225700 2
11679.4 1455.7 50563.8 830403 225800 2
11680.7 1459.5 50561.8 830403 225900 2
11675.1 1461.8 50560.9 830403 230000 2
11677.1 1466.9 50558.9 830403 230100 2
11673.7 1465.9 50557.9 830403 230200 2
11679.7 1467.2 50557.9 830403 230300 2
11676.8 1469.3 50556.9 830403 230400 2
11679.7 1467.2 50555.0 830403 230500 2
11689.4 1466.6 50553.0 830403 230600 2
11687.0 1465.1 50554.0 830403 230700 2
11685.4 1464.0 50557.9 830403 230800 2
11680.3 1462.4 50555.0 830403 230900 2
11668.6 1464.6 50552.0 830403 231000 2
11661.3 1459.8 50548.1 830403 231100 2
11654.2 1461.0 50542.2 830403 231200 2
11647.8 1462.9 50539.3 830403 231300 2
11641.8 1461.9 50536.4 830403 231400 2
11638.5 1459.9 50531.5 830403 231500 2
11605.9 1454.3 50526.6 830403 231600 2
11609.1 1456.9 50527.5 830403 231700 2
11615.9 1465.3 50525.6 830403 231800 2
11629.9 1458.6 50530.5 830403 231900 2
11632.2 1461.3 50537.3 830403 232000 2
11616.4 1461.4 50540.3 830403 232100 2
11603.9 1463.1 50531.5 830403 232200 2
11604.0 1469.2 50523.6 830403 232300 2
11613.7 1461.7 50522.6 830403 232400 2
11623.8 1458.4 50527.5 830403 232500 2
11630.7 1459.0 50532.4 830403 232600 2
11624.1 1462.7 50537.3 830403 232700 2
11608.7 1466.8 50542.2 830403 232800 2
11603.8 1470.7 50546.2 830403 232900 2
11613.9 1474.1 50551.1 830403 233000 2
11630.4 1468.9 50556.0 830403 233100 2
11650.6 1461.2 50561.8 830403 233200 2
11652.2 1448.9 50569.7 830403 233300 2
11658.6 1453.4 50577.5 830403 233400 2
11667.8 1443.3 50585.4 830403 233500 2
11652.7 1444.5 50589.3 830403 233600 2
11638.3 1447.2 50584.4 830403 233700 2
11641.9 1446.7 50580.5 830403 233800 2
11646.0 1442.1 50582.4 830403 233900 2
11645.4 1439.6 50584.4 830403 234000 2
11648.6 1435.2 50580.5 830403 234100 2
11642.1 1438.3 50584.4 830403 234200 2
11637.9 1436.6 50582.4 830403 234300 2
11635.7 1439.9 50580.5 830403 234400 2
11629.9 1437.4 50578.5 830403 234500 2
11627.8 1440.5 50576.5 830403 234600 2
11621.3 1443.3 50582.4 830403 234700 2
11628.3 1443.5 50579.5 830403 234800 2
11619.1 1439.7 50567.7 830403 234900 2
11622.1 1444.0 50570.7 830403 235000 2
11629.0 1445.1 50564.8 830403 235100 2
11632.8 1449.2 50559.9 830403 235200 2
11641.6 1441.9 50552.0 830403 235300 2
11647.2 1446.2 50550.1 830403 235400 2
11641.4 1450.6 50549.1 830403 235500 2
11634.7 1455.5 50548.1 830403 235600 2
11631.8 1464.8 50542.2 830403 235700 2
11633.7 1470.5 50534.4 830403 235800 2
11635.8 1460.8 50527.5 830403 235900 2


Reproducible: Always

Actual Results:
remove first empty mark from line and leave the first value untouch, remove
rest of the line and but the value, what is left to array.

Expected Results:
Firefox announce that there is too many recursion

countinue to the end of data
number of these data value change a lot, generally upwards.
I can do it by netscape 7.0x and 8.1
