Intermittent mochitest-plain-1 leak of 608947 byte (159 AtomImpl, 1 BackstagePass, 1 BodyRule, 1 DR_State, 1 DocumentRule)
Rev3 Fedora 12x64 fx-team debug test mochitests-1/5 on 2012-06-20 07:39:03 PDT for push 32975daf82d7

slave: talos-r3-fed64-004

https://tbpl.mozilla.org/php/getParsedLog.php?id=12829046&tree=Fx-Team

{
== BloatView: ALL (cumulative) LEAK AND BLOAT STATISTICS, plugin process 2242

|<----------------Class--------------->|<-----Bytes------>|<----------------Objects---------------->|<--------------References-------------->|
Per-Inst Leaked Total Rem Mean StdDev Total Rem Mean StdDev
0 TOTAL 34 0 594 0 ( 26.43 +/- 21.96) 365 0 ( 58.87 +/- 50.36)

nsTraceRefcntImpl::DumpStatistics: 23 entry
TEST-PASS | plugin process 2242 | automationutils.processLeakLog() | no leak detected!

== BloatView: ALL (cumulative) LEAK AND BLOAT STATISTICS, default process 2186

|<----------------Class--------------->|<-----Bytes------>|<----------------Objects---------------->|<--------------References-------------->|
Per-Inst Leaked Total Rem Mean StdDev Total Rem Mean StdDev
0 TOTAL 18 608947 253138408 14252 (22215.65 +/- 35958.08) 223984946 8095 (2058963995473.27 +/- 0.00)
12 AtomImpl 40 6360 27987 159 ( 7204.77 +/- 2381.42) 1195288 293 (20848.91 +/- 4060.98)
15 BackstagePass 48 48 1 1 ( 1.00 +/- 0.00) 1970532 16 ( 305.88 +/- 19.84)
36 BodyRule 32 32 2136 1 ( 56.24 +/- 53.74) 4936 1 ( 59.22 +/- 52.33)
106 DR_State 48 48 1 1 ( 1.00 +/- 0.00) 0 0 ( 0.00 +/- 0.00)
123 DocumentRule 72 72 1 1 ( 1.00 +/- 0.00) 3 1 ( 1.40 +/- 0.55)
127 ExpirationTrackerObserver 32 64 53 2 ( 6.46 +/- 1.33) 202 2 ( 14.10 +/- 2.63)
137 GenericFactory 32 64 337 2 ( 169.00 +/- 97.07) 393623 3 ( 315.89 +/- 33.08)
154 ImportRule 80 160 24 2 ( 9.24 +/- 4.94) 48 2 ( 9.56 +/- 5.03)
155 ImportantRule 32 1280 120 40 ( 54.68 +/- 19.97) 30794 40 ( 158.28 +/- 46.50)
169 LiteralImpl 24 24 127 1 ( 31.05 +/- 11.44) 4636 1 ( 65.67 +/- 43.72)
170 Loader 320 640 2936 2 ( 111.59 +/- 66.39) 30899 2 ( 84.76 +/- 62.62)
176 MediaRule 72 360 128 5 ( 28.11 +/- 16.29) 384 5 ( 28.44 +/- 16.43)
204 Mutex 24 216 40710 9 ( 163.77 +/- 74.95) 0 0 ( 0.00 +/- 0.00)
205 NameSpaceManagerImpl 80 80 1 1 ( 1.00 +/- 0.00) 3 2 ( 1.50 +/- 0.58)
206 NameSpaceRule 72 864 3062 12 ( 55.56 +/- 10.44) 12054 12 ( 56.42 +/- 10.20)
229 Preferences 64 64 1 1 ( 1.00 +/- 0.00) 92847 1 ( 19.49 +/- 14.43)
231 PrincipalHolder 32 32 4 1 ( 2.29 +/- 1.11) 80 1 ( 2.67 +/- 0.73)
239 RDFServiceImpl 400 400 1 1 ( 1.00 +/- 0.00) 317 3 ( 45.95 +/- 14.20)
243 RasterImage 312 3744 563 12 ( 129.92 +/- 67.37) 197810 24 ( 184.19 +/- 46.96)
245 ReentrantMonitor 32 800 21760 25 ( 358.35 +/- 689.58) 0 0 ( 0.00 +/- 0.00)
251 Rule 40 19800 112524 495 (10372.20 +/- 2131.13) 1938771 495 (11271.44 +/- 1458.15)
260 SameOriginChecker 32 32 1 1 ( 1.00 +/- 0.00) 536 1 ( 31.35 +/- 9.29)
266 SharedScriptableHelperForJSIID 24 24 1 1 ( 1.00 +/- 0.00) 13422 5 ( 87.01 +/- 24.87)
279 StringAdopt 1 2 232683 2 ( 3.42 +/- 5.48) 0 0 ( 0.00 +/- 0.00)
282 StyleRule 80 38000 109297 475 (10298.31 +/- 2134.27) 1926244 475 (11195.47 +/- 1449.99)
296 URIAndPrincipalHashKey 24 120 14690 5 ( 53.99 +/- 56.65) 0 0 ( 0.00 +/- 0.00)
301 UploadLastDir 40 40 1 1 ( 1.00 +/- 0.00) 2 1 ( 1.33 +/- 0.58)
307 ValueObserver 64 4928 104 77 ( 60.23 +/- 31.07) 72038 77 ( 308.29 +/- 17.86)
334 XPCContext 64 128 700 2 ( 48.35 +/- 11.29) 0 0 ( 0.00 +/- 0.00)
338 XPCNativeInterface 40 1400 6253 35 ( 218.15 +/- 37.11) 0 0 ( 0.00 +/- 0.00)
339 XPCNativeMember 16 560 344376 35 ( 259.77 +/- 63.47) 0 0 ( 0.00 +/- 0.00)
340 XPCNativeScriptableInfo 16 4112 39460 257 ( 2323.66 +/- 761.87) 0 0 ( 0.00 +/- 0.00)
341 XPCNativeScriptableShared 464 4176 40672 9 ( 91.49 +/- 22.01) 0 0 ( 0.00 +/- 0.00)
342 XPCNativeSet 16 176 19819 11 ( 193.56 +/- 57.22) 0 0 ( 0.00 +/- 0.00)
344 XPCWrappedNative 112 28896 304898 258 ( 4741.34 +/- 2201.75) 3647031 258 ( 5078.83 +/- 2361.72)
345 XPCWrappedNativeProto 64 2240 48965 35 ( 1335.04 +/- 699.85) 0 0 ( 0.00 +/- 0.00)
346 XPCWrappedNativeScope 168 1008 2523 6 ( 165.24 +/- 63.32) 0 0 ( 0.00 +/- 0.00)
348 gfxASurface 40 480 34729 12 ( 177.70 +/- 122.42) 0 0 ( 0.00 +/- 0.00)
363 imgCacheEntry 48 336 507 7 ( 112.39 +/- 68.05) 23244 7 ( 347.05 +/- 115.36)
366 imgLoader 80 80 1 1 ( 1.00 +/- 0.00) 944 2 ( 4.97 +/- 0.76)
368 imgRequest 304 3648 507 12 ( 117.96 +/- 68.45) 34233 19 ( 190.81 +/- 78.39)
369 imgRequestProxy 120 1440 14022 12 ( 94.94 +/- 19.99) 214544 12 ( 167.44 +/- 41.43)
382 mozilla::css::Declaration 48 22800 94130 475 (10237.76 +/- 2209.49) 0 0 ( 0.00 +/- 0.00)
409 nsAtomList 16 1600 42556 100 ( 2185.56 +/- 338.19) 0 0 ( 0.00 +/- 0.00)
410 nsAttrSelector 48 17040 6061 355 ( 1194.39 +/- 303.78) 0 0 ( 0.00 +/- 0.00)
414 nsAuthURLParser 24 48 2 2 ( 1.50 +/- 0.71) 507379 193 ( 9340.92 +/- 1876.28)
416 nsAutoCopyListener 24 24 1 1 ( 1.00 +/- 0.00) 8543 1 ( 77.80 +/- 90.16)
422 nsBaseChannel 264 264 1249 1 ( 26.58 +/- 24.67) 36569 1 ( 78.41 +/- 61.95)
425 nsBaseContentList 48 48 12386 1 ( 370.61 +/- 601.09) 53639 1 ( 281.40 +/- 513.90)
428 nsBasePrincipal 80 10640 25569 133 ( 339.99 +/- 120.38) 1279316 146 ( 911.66 +/- 192.23)
434 nsBidiKeyboard 32 32 1 1 ( 1.00 +/- 0.00) 4 1 ( 1.71 +/- 0.76)
437 nsBindingManager 392 392 2933 1 ( 110.68 +/- 66.34) 52401 1 ( 160.19 +/- 147.58)
441 nsBoxLayout 24 48 2 2 ( 1.50 +/- 0.71) 223006 2 ( 204.41 +/- 60.06)
459 nsCSSRect 64 4224 168266 66 ( 498.27 +/- 70.81) 0 0 ( 0.00 +/- 0.00)
460 nsCSSRect_heap 80 5280 3822 66 ( 517.11 +/- 133.01) 137630 66 ( 539.50 +/- 91.44)
462 nsCSSScanner 552 1104 2 2 ( 1.50 +/- 0.71) 0 0 ( 0.00 +/- 0.00)
463 nsCSSSelector 72 116208 81063 1614 ( 4559.05 +/- 645.42) 0 0 ( 0.00 +/- 0.00)
464 nsCSSSelectorList 24 27552 52247 1148 ( 3245.90 +/- 568.19) 0 0 ( 0.00 +/- 0.00)
467 nsCSSStyleSheet 136 952 9045 7 ( 130.33 +/- 58.87) 169242 14 ( 411.30 +/- 136.64)
468 nsCSSStyleSheetInner 144 1008 4678 7 ( 86.87 +/- 32.86) 0 0 ( 0.00 +/- 0.00)
469 nsCSSValue::Array 32 1216 2242 38 ( 347.97 +/- 87.83) 18067 19 ( 173.75 +/- 29.28)
470 nsCSSValue::Image 80 800 84 10 ( 42.72 +/- 20.97) 14551 10 ( 57.45 +/- 7.19)
471 nsCSSValue::URL 56 8680 2498 155 ( 489.39 +/- 115.69) 78370 155 ( 711.40 +/- 93.50)
472 nsCSSValueGradient 112 560 38 5 ( 20.20 +/- 10.42) 76 5 ( 20.10 +/- 10.71)
473 nsCSSValueGradientStop 32 704 112 22 ( 60.96 +/- 30.16) 0 0 ( 0.00 +/- 0.00)
474 nsCSSValueList 24 4176 11679 174 ( 1088.12 +/- 195.58) 0 0 ( 0.00 +/- 0.00)
475 nsCSSValueList_heap 40 6000 5693 150 ( 832.76 +/- 192.89) 204772 150 ( 859.36 +/- 150.90)
476 nsCSSValuePair 32 864 20576 27 ( 185.00 +/- 28.09) 0 0 ( 0.00 +/- 0.00)
477 nsCSSValuePairList 40 1000 2402 25 ( 152.21 +/- 25.93) 0 0 ( 0.00 +/- 0.00)
478 nsCSSValuePairList_heap 56 1400 1371 25 ( 151.52 +/- 33.18) 23220 25 ( 139.10 +/- 28.29)
479 nsCSSValuePair_heap 48 1056 854 22 ( 150.10 +/- 49.07) 59210 22 ( 163.18 +/- 30.64)
482 nsCStringKey 32 5024 301459 157 ( 869.26 +/- 206.11) 0 0 ( 0.00 +/- 0.00)
497 nsCategoryObserver 104 312 56 3 ( 21.35 +/- 9.08) 994 3 ( 119.56 +/- 36.31)
526 nsConsoleMessage 40 240 24 6 ( 3.60 +/- 2.41) 84 6 ( 4.78 +/- 2.76)
527 nsConsoleService 120 120 1 1 ( 1.00 +/- 0.00) 5171 2 ( 16.65 +/- 17.64)
532 nsContentList 128 128 9172 1 ( 86.80 +/- 90.01) 44224 1 ( 93.96 +/- 108.22)
533 nsContentPolicy 64 64 1 1 ( 1.00 +/- 0.00) 5151 1 ( 3.11 +/- 0.84)
546 nsDBusService 48 48 1 1 ( 1.00 +/- 0.00) 2 1 ( 1.33 +/- 0.58)
550 nsDNSService 144 144 1 1 ( 1.00 +/- 0.00) 9092 2 ( 23.95 +/- 1.17)
594 nsDOMNavigationTiming 176 176 2335 1 ( 66.32 +/- 59.61) 6600 1 ( 71.61 +/- 61.20)
611 nsDOMStorageManager 96 96 1 1 ( 1.00 +/- 0.00) 122 1 ( 3.41 +/- 1.31)
632 nsDateTimeFormatUnix 104 104 2 1 ( 1.33 +/- 0.58) 5 1 ( 1.89 +/- 0.78)
678 nsDocShell::InterfaceRequestorProxy 32 32 568 1 ( 34.96 +/- 22.13) 97035 1 ( 30.91 +/- 27.53)
682 nsDocument 1392 1392 2933 1 ( 110.68 +/- 66.34) 4267891 1 ( 673.67 +/- 575.10)
698 nsErrorService 232 232 1 1 ( 1.00 +/- 0.00) 8 1 ( 2.13 +/- 0.92)
701 nsEventListenerManager 136 136 40775 1 ( 1315.11 +/- 1359.64) 1036632 1 ( 982.66 +/- 1158.91)
703 nsEventListenerThisTranslator 24 24 1 1 ( 1.00 +/- 0.00) 3 1 ( 1.40 +/- 0.55)
706 nsExceptionManager 48 48 1 1 ( 1.00 +/- 0.00) 6752 1 ( 3.00 +/- 0.71)
729 nsFocusManager 112 112 1 1 ( 1.00 +/- 0.00) 5330 1 ( 5.95 +/- 1.67)
742 nsFrameList 16 16 3694182 1 ( 2199.52 +/- 2518.44) 0 0 ( 0.00 +/- 0.00)
753 nsGenericElement 120 360 370809 3 (42944.77 +/- 9614.72) 14278940 5 (163667.87 +/- 18634.62)
767 nsHTMLBodyElement 136 136 2425 1 ( 65.46 +/- 59.21) 259846 1 ( 735.24 +/- 892.82)
769 nsHTMLCSSStyleSheet 48 48 2548 1 ( 100.74 +/- 62.17) 8450 1 ( 112.15 +/- 62.16)
771 nsHTMLDNSPrefetch::nsDeferrals 8264 8264 1 1 ( 1.00 +/- 0.00) 13788 1 ( 2.00 +/- 0.71)
772 nsHTMLDNSPrefetch::nsListener 24 24 1 1 ( 1.00 +/- 0.00) 6931 1 ( 4.81 +/- 10.95)
775 nsHTMLDocument 1520 1520 2374 1 ( 67.37 +/- 61.87) 2996573 1 ( 561.64 +/- 582.37)
813 nsHTMLSharedElement 168 336 4947 2 ( 131.73 +/- 119.67) 285952 4 ( 628.93 +/- 599.49)
819 nsHTMLStyleSheet 136 136 2548 1 ( 100.74 +/- 62.17) 8450 1 ( 112.15 +/- 62.16)
820 nsHTMLStyleSheet::GenericTableRule 24 48 5096 2 ( 201.48 +/- 124.32) 5116 2 ( 203.21 +/- 124.27)
834 nsHashKey 16 2544 638223 159 ( 1547.41 +/- 233.72) 0 0 ( 0.00 +/- 0.00)
835 nsHashPropertyBag 80 80 12298 1 ( 120.63 +/- 95.87) 525770 1 ( 246.18 +/- 208.46)
836 nsHashtable 72 9144 15186 127 ( 555.75 +/- 155.76) 0 0 ( 0.00 +/- 0.00)
840 nsHtml5AttributeName 32 18560 2918 580 ( 1469.02 +/- 756.75) 0 0 ( 0.00 +/- 0.00)
842 nsHtml5ElementName 32 12576 420 393 ( 220.74 +/- 124.30) 0 0 ( 0.00 +/- 0.00)
843 nsHtml5HtmlAttributes 40 40 56760 1 ( 2871.91 +/- 3684.42) 0 0 ( 0.00 +/- 0.00)
875 nsIDNService 112 112 1 1 ( 1.00 +/- 0.00) 12480 1 ( 6.50 +/- 0.63)
876 nsIOService 248 248 1 1 ( 1.00 +/- 0.00) 685070 2 ( 19.59 +/- 9.15)
883 nsImageFrame::IconLoad 80 80 1 1 ( 1.00 +/- 0.00) 47 1 ( 6.55 +/- 2.10)
905 nsJISx4051LineBreaker 24 24 1 1 ( 1.00 +/- 0.00) 4 1 ( 1.71 +/- 0.76)
908 nsJSCID 88 4224 1234 48 ( 277.70 +/- 107.21) 9818 96 ( 588.02 +/- 223.07)
912 nsJSID 56 224 8764 4 ( 257.04 +/- 190.45) 60607 4 ( 704.69 +/- 660.30)
913 nsJSIID 48 8400 3398 175 ( 861.85 +/- 338.02) 47876 350 ( 1879.02 +/- 682.70)
925 nsLayoutStatics 1 1 1 1 ( 1.00 +/- 0.00) 557705 1 ( 197.50 +/- 134.59)
926 nsLayoutStylesheetCache 88 88 1 1 ( 1.00 +/- 0.00) 7 1 ( 3.77 +/- 1.96)
931 nsLoadGroup 16 16 1038 1 ( 31.37 +/- 20.54) 115877 1 ( 155.86 +/- 100.34)
932 nsLocalFile 192 192 10715 1 ( 166.63 +/- 73.48) 51838 1 ( 235.83 +/- 190.69)
946 nsMediaList 40 280 260 7 ( 33.26 +/- 15.73) 992 9 ( 38.32 +/- 15.65)
957 nsMutationCallbackThisTranslator 24 24 1 1 ( 1.00 +/- 0.00) 3 1 ( 1.40 +/- 0.55)
969 nsNativeKeyBindings 32 96 3 3 ( 2.00 +/- 1.00) 12 3 ( 3.86 +/- 1.71)
970 nsNativeTheme 216 216 1 1 ( 1.00 +/- 0.00) 5609 1 ( 97.67 +/- 140.68)
971 nsNativeThemeGTK 1288 1288 1 1 ( 1.00 +/- 0.00) 5609 1 ( 97.67 +/- 140.68)
981 nsNetworkManagerListener 48 48 1 1 ( 1.00 +/- 0.00) 4 1 ( 1.71 +/- 0.76)
986 nsNodeInfo 136 544 51679 4 ( 1414.46 +/- 682.26) 2491567 4 (105565.03 +/- 26640.76)
987 nsNodeInfoManager 88 88 2941 1 ( 115.51 +/- 66.41) 153095 4 ( 1367.10 +/- 698.00)
991 nsNullPrincipal 24 48 7697 2 ( 111.39 +/- 64.20) 121643 2 ( 109.10 +/- 62.47)
992 nsNullPrincipalURI 64 128 8284 2 ( 110.68 +/- 62.90) 17887 2 ( 110.25 +/- 61.58)
995 nsObserverService 80 80 1 1 ( 1.00 +/- 0.00) 151951 1 ( 22.16 +/- 8.63)
1005 nsOnloadBlocker 24 24 2933 1 ( 110.71 +/- 66.36) 32280 1 ( 121.80 +/- 89.70)
1013 nsParserService 24 24 1 1 ( 1.00 +/- 0.00) 4 1 ( 1.71 +/- 0.76)
1019 nsPersistentProperties 144 2736 39 19 ( 17.76 +/- 7.85) 117 19 ( 16.94 +/- 8.12)
1033 nsPrefBranch 128 384 176 3 ( 17.31 +/- 3.96) 1729 3 ( 31.19 +/- 18.99)
1036 nsPreflightCache 64 64 1 1 ( 1.00 +/- 0.00) 0 0 ( 0.00 +/- 0.00)
1037 nsPreflightCache::CacheEntry 48 4800 129 100 ( 47.72 +/- 37.54) 0 0 ( 0.00 +/- 0.00)
1040 nsPrincipal 104 13832 25569 133 ( 339.99 +/- 120.38) 1279316 146 ( 911.66 +/- 192.23)
1045 nsProperties 16 192 507 12 ( 117.92 +/- 68.41) 1573 12 ( 116.25 +/- 68.16)
1048 nsPseudoClassList 24 9960 22742 415 ( 847.82 +/- 147.86) 0 0 ( 0.00 +/- 0.00)
1050 nsRDFResource 48 144 247 3 ( 59.69 +/- 26.79) 12722 3 ( 264.51 +/- 127.02)
1058 nsRect 16 16 123538367 1 ( 3281.15 +/- 4403.96) 0 0 ( 0.00 +/- 0.00)
1063 nsRepeatService 48 48 1 1 ( 1.00 +/- 0.00) 1 1 ( 1.00 +/- 0.00)
1185 nsSampleWordBreaker 24 24 1 1 ( 1.00 +/- 0.00) 4 1 ( 1.71 +/- 0.76)
1191 nsScriptError 128 31232 2553 244 ( 214.80 +/- 69.53) 15673 244 ( 225.03 +/- 80.01)
1194 nsScriptLoader 120 120 2933 1 ( 110.68 +/- 66.34) 64017 1 ( 80.67 +/- 59.62)
1195 nsScriptNameSpaceManager 144 288 2 2 ( 1.50 +/- 0.71) 17 1 ( 2.09 +/- 0.72)
1196 nsScriptSecurityManager 144 144 1 1 ( 1.00 +/- 0.00) 87448 3 ( 17.13 +/- 2.11)
1212 nsSimpleURI 120 240 9118 2 ( 110.56 +/- 67.64) 330384 7 ( 365.81 +/- 304.29)
1217 nsSocketTransportService 216 216 1 1 ( 1.00 +/- 0.00) 153608 1 ( 13.89 +/- 9.19)
1219 nsStandardURL 248 47864 152929 193 ( 9475.72 +/- 1836.46) 6882599 526 (19331.43 +/- 2527.39)
1221 nsStaticCaseInsensitiveNameTable 72 288 4 4 ( 2.50 +/- 1.29) 0 0 ( 0.00 +/- 0.00)
1231 nsStringBuffer 8 25936 2457949 3242 (63918.78 +/- 9588.13) 6901535 3459 (75459.30 +/- 12100.80)
1232 nsStringBundle 96 1920 43 20 ( 20.29 +/- 8.75) 25173 23 ( 37.72 +/- 5.44)
1233 nsStringBundleService 208 208 1 1 ( 1.00 +/- 0.00) 24535 1 ( 5.89 +/- 2.54)
1268 nsSupportsCStringImpl 40 480 2525 12 ( 130.46 +/- 44.08) 9822 12 ( 130.94 +/- 43.71)
1279 nsSystemPrincipal 24 24 1 1 ( 1.00 +/- 0.00) 952743 185 ( 354.99 +/- 53.36)
1280 nsTArray_base 8 8480 62925959 1060 (78923.83 +/- 25943.85) 0 0 ( 0.00 +/- 0.00)
1292 nsThread 200 400 1544 2 ( 25.68 +/- 11.76) 909786 5 ( 149.66 +/- 58.36)
1297 nsTimerImpl 96 384 49097 4 ( 52.41 +/- 47.85) 357450 4 ( 68.58 +/- 41.04)
1314 nsURIHashKey 16 80 24790 5 ( 6501.98 +/- 2237.74) 0 0 ( 0.00 +/- 0.00)
1318 nsUnicodeNormalizer 24 24 1 1 ( 1.00 +/- 0.00) 4 1 ( 1.71 +/- 0.76)
1328 nsVariant 72 144 14429 2 ( 168.57 +/- 142.35) 58898 2 ( 169.66 +/- 142.02)
1334 nsVoidArray 8 288 681476 36 (11236.67 +/- 3069.55) 0 0 ( 0.00 +/- 0.00)
1339 nsWeakReference 32 672 20580 21 ( 909.42 +/- 357.82) 437232 22 ( 3399.60 +/- 2212.19)
1373 nsXBLService 104 104 1 1 ( 1.00 +/- 0.00) 2 1 ( 1.33 +/- 0.58)
1393 nsXPCComponents 128 768 2523 6 ( 165.24 +/- 63.32) 50514 24 ( 682.47 +/- 262.30)
1394 nsXPCComponents_Classes 40 200 298 5 ( 82.58 +/- 27.96) 7354 20 ( 351.65 +/- 74.89)
1395 nsXPCComponents_Constructor 40 40 3 1 ( 1.80 +/- 0.84) 33 1 ( 7.12 +/- 3.04)
1397 nsXPCComponents_ID 40 200 57 5 ( 29.39 +/- 15.38) 856 5 ( 88.10 +/- 49.87)
1398 nsXPCComponents_Interfaces 56 280 412 5 ( 94.42 +/- 29.89) 60819 20 ( 404.40 +/- 52.29)
1400 nsXPCComponents_Results 40 160 158 4 ( 50.06 +/- 18.13) 8015 16 ( 213.10 +/- 33.32)
1401 nsXPCComponents_Utils 48 240 216 5 ( 80.43 +/- 33.40) 7437 13 ( 223.75 +/- 43.46)
1407 nsXPCWrappedJS 128 256 31881 2 ( 868.71 +/- 425.07) 2742711 3 ( 1959.32 +/- 685.96)
1408 nsXPCWrappedJSClass 72 144 1260 2 ( 39.60 +/- 5.34) 655890 2 ( 858.86 +/- 284.28)
1409 nsXPConnect 200 200 1 1 ( 1.00 +/- 0.00) 3438779 1 ( 12.89 +/- 0.76)
1413 nsXTFService 72 72 1 1 ( 1.00 +/- 0.00) 4 1 ( 1.71 +/- 0.76)
1423 nsXULPopupManager 136 136 1 1 ( 1.00 +/- 0.00) 80 1 ( 3.96 +/- 1.15)
1425 nsXULPrototypeCache 360 360 1 1 ( 1.00 +/- 0.00) 4 1 ( 2.29 +/- 1.11)
1465 xpc::CompartmentPrivate 48 5136 2574 107 ( 206.94 +/- 70.04) 0 0 ( 0.00 +/- 0.00)
1467 xpcPerThreadData 88 88 2 1 ( 1.33 +/- 0.58) 0 0 ( 0.00 +/- 0.00)
1468 xptiInterfaceInfo 40 7120 8347 178 ( 362.99 +/- 118.47) 591200 241 ( 1202.87 +/- 228.72)
1469 xptiInterfaceInfoManager 216 216 1 1 ( 1.00 +/- 0.00) 172508 6 ( 106.50 +/- 13.61)
1470 xptiWorkingSet 136 136 1 1 ( 1.00 +/- 0.00) 0 0 ( 0.00 +/- 0.00)

nsTraceRefcntImpl::DumpStatistics: 1470 entry
TEST-UNEXPECTED-FAIL | automationutils.processLeakLog() | leaked 608947 byte during test execution
TEST-UNEXPECTED-FAIL | automationutils.processLeakLog() | leaked 159 instance of AtomImpl with size 40 byte each (6360 byte total)
TEST-UNEXPECTED-FAIL | automationutils.processLeakLog() | leaked 1 instance of BackstagePass with size 48 byte
TEST-UNEXPECTED-FAIL | automationutils.processLeakLog() | leaked 1 instance of BodyRule with size 32 byte
TEST-UNEXPECTED-FAIL | automationutils.processLeakLog() | leaked 1 instance of DR_State with size 48 byte
TEST-UNEXPECTED-FAIL | automationutils.processLeakLog() | leaked 1 instance of DocumentRule with size 72 byte
}
